965
3733
4797
4960
5231
5300
7205
8164
8187
8750
9391
10835
12824
14732
15623
16494
18418
21243
22198
22592
23446
24002
25147
25552
26535
26566
26854
28801
29882
30094
30858
31360
31833
32699
33967
33984
37132
38434
38711
39138
39988
40399
40407
41267
41314
42365
43421
43729
44314
45170
47909
48449
48609
56745
57237
57910
58310
59057
59878
60106
60132
60405
63505
63577
64412
64851
66794
68576
69335
70069
70599
71379
72996
73617
73887
74055
74224
76334
78357
79835
80109
80111
80879
82818
83432
83869
84493
85646
86583
87773
88710
88727
90044
91493
91654
93935
95297
98054
98156
99400
