39138
90044
8750
21243
33967
18418
95297
32699
30094
63577
73617
72996
41267
59878
60405
82818
87773
37132
23446
8164
25147
31360
47909
22592
74055
16494
78357
965
4797
41314
84493
28801
9391
68576
69335
33984
86583
40407
59057
45170
66794
98156
91654
57910
88727
58310
71379
80109
98054
25552
60106
73887
63505
76334
43729
83432
26566
70069
29882
70599
88710
12824
42365
22198
14732
3733
15623
8187
93935
85646
26854
31833
26535
30858
5231
44314
64412
4960
39988
24002
91493
38434
60132
80111
43421
7205
40399
48449
64851
83869
56745
5300
80879
10835
38711
74224
48609
57237
99400
79835
