28670
85138
8126
92456
30853
55994
79941
80295
45008
80570
76290
70175
89261
46958
85234
4136
83314
7502
64451
73343
80212
25786
11975
77614
5290
83050
96599
13243
14172
15001
6376
85837
79931
15077
90343
33516
34190
46289
2753
32042
48042
40369
81726
40429
73146
44646
91715
36841
81639
89235
63731
37361
27275
2157
13459
54393
16612
33100
39895
27922
93256
82089
70335
12410
52236
64973
65045
69799
95872
58181
9509
54355
55576
85024
19522
52695
93881
81198
6909
75214
83006
83473
45938
5122
69662
99288
24188
60684
768
56265
81030
33716
23797
81978
6211
8897
3502
31446
36540
7090
14870
7849
5042
23031
7797
70674
4419
16708
336
50796
83090
64819
44777
10106
21638
95138
54789
80176
71467
74415
39310
66446
16061
4878
66090
8718
78138
31199
17398
20973
68940
84029
46805
17634
30104
88020
53673
79149
14646
60435
97342
2173
95549
13981
38013
14369
93338
91966
49048
91672
95812
39306
62699
19877
24114
29134
55819
75711
79900
98315
5075
34847
39035
33213
10487
35969
93700
54061
53355
44780
23271
71411
95872
97387
51819
77572
27024
14966
7621
76180
24436
46814
62229
96101
16172
59316
92856
64720
52025
81504
61626
31259
54166
27143
60381
1395
3765
38788
80304
84182
74017
34894
3331
97338
59113
29947
52949
12897
60471
60340
52770
69306
91761
47390
29531
3335
91400
71767
40460
13789
51552
72428
31422
76128
78512
36063
36812
6909
9977
87084
81968
39372
5345
58294
65776
81761
3026
27681
81940
81827
99167
34099
35498
92014
48507
69650
71490
98503
39040
82290
30299
45056
7789
5421
53628
45277
24975
44070
75933
43665
32308
3298
10514
10869
11506
44505
79281
18083
20915
66126
24268
96581
87189
38040
10615
37883
23533
95115
90506
51436
73009
97540
87501
12847
26895
3642
83317
51789
42200
66547
11741
38185
6183
62874
80868
18708
92554
77206
94591
93940
48741
95921
70597
51473
1312
68957
37492
84184
82081
26103
16089
18178
36802
29734
61862
77233
42238
87815
97104
28168
69115
92414
10238
48541
7432
97157
82119
21714
43683
39476
44412
50950
61759
15659
57955
98418
53888
62643
4757
16715
50850
13616
36506
31992
94352
49516
15561
66869
26182
34001
71706
92578
34352
27393
92723
10279
72280
45033
62833
44918
98032
39667
7984
23343
92489
66048
26763
33276
4506
72783
18866
90720
45325
64369
14035
33031
53009
14170
5536
54971
76790
54527
41129
80112
29587
35931
85668
77800
91917
38961
53152
9419
23980
23697
25124
40362
13146
34932
29189
54042
38547
83193
14590
38822
87323
39333
21511
21473
27109
3911
70424
85245
88287
82570
70465
47037
14318
27578
93777
34481
3878
78377
72481
40651
22742
23428
70603
47875
4172
90636
55806
36058
34343
78744
70949
20465
87012
15442
90044
61538
289
49298
2716
11685
14093
15727
97298
13117
51603
52208
48942
63366
55353
93481
88670
71829
23254
9006
36904
58778
46478
82841
39664
24956
27188
19482
18560
71268
95693
11199
99184
87048
65559
87221
38662
24426
3097
46469
60883
1991
61387
6030
90783
82989
35809
96791
8601
97139
76363
79772
24379
25005
73976
40773
7994
71171
3649
63728
55588
50891
45647
92718
79916
60887
10146
53611
71153
3767
54937
53363
11556
99061
80938
67830
87728
93068
76183
86598
35963
88391
32291
24712
18104
25537
83182
35829
38146
42658
46435
53333
24059
75950
25880
96967
17471
12788
63743
61854
92101
8729
44111
51779
74677
36481
4520
79972
95084
60313
94245
9158
11246
96703
4843
74278
5020
13276
67603
73696
81799
27725
19161
5013
21056
55233
69421
52955
99936
71581
80074
46435
79357
86231
9553
67625
74620
29915
144
85566
11691
64590
6824
16552
36164
49532
34808
48116
11005
51554
71942
51240
44029
91155
77212
60092
28286
62378
34735
90304
648
26841
52233
12376
34500
66520
29657
59252
95168
33210
58631
89671
70166
88547
74239
76272
10199
88386
8703
98449
54871
43082
50225
69433
25392
85614
33620
80723
5600
31532
17496
59067
75111
26873
33171
87300
45508
66005
6349
14255
31125
23957
286
53348
45546
52843
29556
21674
12159
47225
12393
98446
70475
74469
87683
37053
39289
83864
15961
36226
91280
55609
16309
34126
16925
34488
21858
98065
66688
62432
3719
7240
19017
38457
2443
87214
67368
79973
55765
15562
52902
13933
58563
84084
35654
66304
60139
90808
26936
85808
23738
80496
14989
31047
67592
30675
51477
30288
51756
89856
43812
88110
4980
86281
74273
88574
79716
70058
75630
46223
36212
54057
74688
83148
39985
93309
86030
39279
69113
33929
3408
8432
56178
42391
8567
48009
92331
76884
45721
13095
55818
36594
24240
11431
98483
94750
7678
71661
38627
66936
7536
96610
51471
52067
39108
91075
49044
32992
58033
65137
87744
30400
70445
66411
5615
51414
10023
209
80189
71465
52710
90489
64929
78526
84345
86852
72111
7240
42412
8589
25614
1660
41782
78534
67113
92899
74586
81386
26360
27909
55031
86083
21628
37799
4986
22162
84875
23347
30293
34370
46306
87740
87248
18825
10502
53792
30300
35923
67923
97729
56642
87144
11339
37217
9888
5848
34514
34582
33267
9509
8293
44550
9256
68572
12832
34360
54477
22171
20261
86632
23384
99050
40818
86333
50889
24029
16371
60997
16590
43695
5766
95506
68981
24410
64256
30831
8803
94943
28788
28841
17658
45548
88331
3418
96970
19791
99335
37252
26502
17017
60225
53849
7568
7603
38752
73249
12943
19191
29672
29088
59977
94436
44725
26313
38368
28923
29533
45335
66650
17685
40281
11851
93729
41990
18503
70431
38663
94805
54008
16137
89753
98597
15154
25683
50355
59069
88534
79635
55697
62082
57253
60175
74763
72598
6984
28334
47515
48205
93206
18669
20739
69389
34815
38520
5398
23699
74972
16662
28657
28836
39191
55414
96147
48993
77293
43414
82874
30809
54021
49853
67280
53217
61603
74448
13297
29683
84168
17732
13620
63739
73238
60225
97802
95062
65681
13040
3277
51805
2473
86855
77534
16569
42033
56964
97529
74176
45973
82388
3675
74802
76559
70505
41038
82365
7810
93107
82046
12311
82331
53230
60959
72713
63215
17651
9756
12743
27340
17050
61082
63352
57744
63921
43472
48828
76775
39080
39082
46787
77399
93792
27431
13814
20135
7793
83052
6370
17017
8180
89977
37357
20398
95932
21807
56595
49738
47539
4061
18647
70928
95484
13003
84671
