66
71
236
529
663
722
867
900
997
1007
1026
1138
1193
1243
1260
1308
1309
1385
1392
1521
1658
1697
1821
1876
1906
2065
2119
2138
2510
2570
2704
2800
3107
3196
3274
3297
3306
3401
3649
3779
3821
3889
4141
4256
4300
4321
4333
4441
4484
4540
4633
4936
5013
5188
5214
5394
5402
5552
5823
5825
5832
5839
5842
5970
5993
6078
6171
6461
6615
6636
6731
7084
7140
7230
7456
7658
7713
7809
7888
8368
8401
8560
8688
9019
9093
9355
9401
9463
9494
9694
9762
9813
9996
10045
10110
10250
10329
10468
10504
10597
10739
10776
11143
11193
11259
11407
11428
11442
11483
11567
11620
11623
11676
11713
11976
11994
12200
12204
12206
12257
12287
12385
12404
12502
12605
12790
13097
13132
13465
13582
13601
13995
14122
14529
14661
14703
14748
14867
15006
15033
15200
15288
15684
15911
16167
16369
16666
16727
16831
16943
17140
17318
17424
17433
17494
17653
17781
17864
18030
18113
18134
18213
18225
18375
18419
18611
18618
18837
18861
18906
19101
19324
19324
19551
19554
19578
19584
19654
19660
19899
20024
20104
20106
20279
20287
20323
20339
20533
20580
20650
20784
21018
21073
21148
21240
21259
21469
21622
21676
21737
21791
21830
21840
21876
21877
22031
22051
22202
22318
22424
22578
22590
22800
22834
22836
22875
22921
22943
22950
22998
23149
23478
23700
23841
24007
24017
24180
24326
24404
24446
24480
24509
24544
24602
24682
24692
24767
24884
24909
24921
25010
25508
25645
25726
25758
25932
25961
26023
26034
26085
26235
26571
26595
26611
26651
26788
26960
26998
27028
27073
27218
27427
27449
27580
27593
27605
27630
27715
27720
27751
27791
28238
28434
28439
28464
28600
28775
28889
28923
28925
28963
29069
29112
29408
29433
29535
29571
29574
29599
29729
29796
29882
29941
29969
29979
30039
30096
30170
30184
30277
30410
30487
30507
30513
30522
30655
30949
31034
31260
31485
31527
31575
31701
31727
32321
32376
32420
32721
32801
32860
33006
33169
33262
33286
33435
33666
33750
33764
33765
33877
33935
34054
34124
34181
34285
34327
34332
34723
34726
34791
34795
34848
34881
34942
35025
35099
35134
35373
35559
35565
35591
35796
35842
35864
35891
36062
36482
36549
36672
36747
36762
37316
37426
37817
37836
37876
37877
38040
38333
38433
38588
38591
38677
38761
38836
38915
38926
38978
39322
39366
39413
39676
39817
39830
39866
39920
39982
40176
40219
40433
40642
40689
40928
41221
41279
41331
41793
41874
41917
42076
42102
42136
42144
42195
42259
42361
42506
42555
42557
43024
43070
43147
43379
43451
43495
43527
43843
44041
44188
44488
44606
44715
44753
44817
44949
44999
45079
45164
45217
45387
45451
45486
45637
45935
46013
46243
46294
46340
46379
46474
46749
46809
46885
46949
47142
47212
47258
47315
47417
47654
47654
47680
47684
47868
48172
48212
48213
48248
48249
48508
48528
48722
48794
48855
48940
48970
49151
49251
49258
49380
49386
49405
49448
49501
49771
49819
49852
49968
50025
50042
50046
50063
50148
50160
50191
50252
50425
50541
50717
50733
50859
50930
51012
51115
51210
51412
51762
51769
51823
51861
52032
52311
52330
52413
52459
52660
52684
52688
52813
52826
52902
53047
53102
53111
53238
53397
53479
53489
53694
53708
53763
53943
54040
54051
54086
54189
54263
54390
54404
54471
54716
54754
54807
54811
54835
54845
54905
54965
54979
54991
54996
55091
55107
55285
55309
55454
55611
55680
55898
56088
56170
56271
56360
56371
56397
56543
56588
56626
56716
56805
56983
57119
57300
57342
57357
57475
57508
57575
57716
57811
57945
58015
58024
58408
58413
58487
58562
58594
58607
58705
58767
58825
58894
58916
59085
59341
59369
59382
59431
59932
59964
59978
60000
60053
60079
60171
60392
60601
60617
60657
60833
60911
61173
61434
61609
61688
61692
61697
61815
61853
61877
62150
62305
62341
62343
62464
62477
62479
62765
63053
63054
63097
63196
63207
63242
63271
63351
63373
63546
63556
63584
63614
63740
63784
64005
64021
64256
64392
64402
64417
64461
64532
64598
64813
65086
65129
65176
65199
65266
65712
65815
65850
65932
65954
66079
66355
66405
66598
66675
66689
66753
66858
66924
67224
67297
67339
67450
67487
67796
67946
68024
68124
68206
68256
68286
68312
68463
68530
68534
68672
68786
68893
68934
68971
69159
69244
69463
69477
69666
69733
69916
69969
69982
70094
70138
70422
70426
70518
70539
70594
70805
70868
70953
71088
71386
71499
71527
71542
71570
71601
71662
71705
71730
71899
71904
71913
71948
72194
72209
72322
72326
72378
72389
72532
72903
72962
73098
73274
73302
73530
73658
73709
73721
73742
73779
73824
73902
73907
73923
74119
74229
74400
74481
74607
74763
74811
74911
74972
75017
75031
75114
75147
75260
75266
75302
75482
75561
75596
75646
75711
75740
75838
75898
76000
76056
76185
76216
76435
76738
76796
76989
77088
77120
77245
77260
77390
77587
77612
77632
77657
77751
77848
77917
77999
78014
78041
78165
78236
78409
78569
78595
78685
78918
79258
79275
79322
79381
79444
79469
79476
79577
79585
79600
79626
79726
79771
79829
79847
79860
79864
79875
79912
80040
80088
80171
80247
80500
80601
80717
80773
80793
80837
80874
81036
81062
81155
81163
81212
81558
81751
81870
81989
81992
82019
82028
82093
82102
82129
82325
82548
82605
82707
82781
82931
82947
83006
83432
83558
83712
83907
83947
83980
84359
84360
84517
84544
84562
84649
84666
84721
84760
84765
84932
84933
85110
85171
85179
85249
85278
85361
85408
85601
85612
85645
85693
85735
85936
85981
86055
86131
86203
86406
86470
86514
86594
86863
86895
87100
87389
87566
87614
87748
87766
87927
87937
87962
88119
88121
88194
88228
88375
88473
88547
88551
88596
88612
88869
88883
89090
89115
89161
89320
89410
89410
89444
89526
89550
89567
89574
89581
89677
89910
89971
90000
90447
90626
91008
91298
91460
91551
91558
91568
91608
91613
91616
91763
92126
92330
92390
92418
92426
92455
92551
92584
92603
92676
92676
92724
92786
92943
92979
93082
93290
93431
93451
93549
93834
93872
93944
94041
94712
94907
95091
95166
95263
95352
95398
95429
95554
95710
95993
96158
96212
96395
96470
96613
96656
96815
96861
96918
96950
96951
97010
97076
97342
97626
97887
97980
98078
98180
98304
98343
98585
98738
99329
99493
99657
99715
99731
99829
