426
568
1460
1829
2024
3045
3725
4168
4281
4479
4839
5382
5430
6416
9422
12791
13962
15616
16229
17402
18325
18436
19057
20051
21679
23194
23764
27883
29161
30381
31051
32005
32304
33124
35694
36038
37018
38469
38595
39061
39289
39376
39764
40502
40921
41385
41647
43711
44560
45053
45539
47178
47624
47886
48125
49908
52100
52916
53473
53842
53956
54521
56498
56805
56922
57425
58806
59279
60665
61080
61812
63085
63626
65348
69633
70997
71238
71860
74681
75667
76154
76640
77661
79605
79963
81134
81155
81508
84738
87613
88839
89005
89208
90074
90956
92793
93181
93678
95883
96527
