5
10
11
12
24
46
59
97
100
105
112
117
134
145
147
158
159
159
164
180
191
199
211
221
222
230
239
243
244
248
261
264
274
284
285
315
322
322
326
331
336
337
339
340
348
358
361
372
391
420
422
427
435
436
441
462
464
506
508
519
523
536
569
574
578
583
587
591
591
631
635
685
688
699
709
717
719
722
724
728
737
760
761
767
771
783
786
803
805
807
824
827
861
862
862
869
899
919
919
926
926
928
939
954
966
973
980
982
982
983
995
1015
1024
1034
1039
1051
1055
1066
1074
1079
1096
1102
1128
1154
1173
1198
1199
1202
1234
1246
1267
1270
1298
1300
1310
1350
1361
1370
1378
1394
1400
1414
1417
1419
1422
1459
1460
1480
1502
1519
1527
1545
1554
1556
1564
1570
1604
1607
1610
1614
1633
1640
1733
1756
1775
1778
1780
1789
1791
1806
1832
1870
1886
1900
1901
1915
1929
1935
1947
1980
1982
1992
2003
2017
2023
2037
2054
2054
2075
2081
2087
2102
2106
2114
2118
2119
2127
2148
2158
2187
2198
2201
2211
2216
2218
2225
2225
2240
2242
2242
2248
2251
2256
2259
2265
2272
2274
2285
2295
2306
2307
2311
2314
2317
2324
2330
2336
2339
2341
2369
2370
2382
2384
2387
2398
2401
2405
2420
2421
2431
2432
2436
2445
2446
2455
2457
2489
2501
2526
2528
2531
2554
2557
2565
2575
2576
2580
2592
2596
2603
2625
2626
2630
2640
2640
2654
2665
2675
2689
2718
2720
2727
2736
2741
2779
2783
2788
2816
2818
2819
2840
2878
2907
2921
2934
2940
2944
2946
2958
2970
2972
2980
2987
3013
3024
3040
3046
3048
3078
3099
3128
3134
3144
3146
3161
3176
3211
3215
3219
3224
3228
3243
3244
3249
3258
3273
3292
3296
3296
3304
3317
3365
3390
3483
3496
3504
3521
3530
3540
3581
3622
3622
3631
3633
3635
3644
3649
3651
3651
3662
3670
3673
3674
3691
3699
3729
3765
3784
3814
3852
3857
3857
3863
3867
3908
3915
3938
3945
3964
3968
3981
3985
3988
3991
3997
4000
4002
4005
4005
4039
4044
4050
4051
4055
4073
4087
4115
4124
4147
4157
4163
4164
4193
4224
4225
4241
4250
4254
4255
4256
4256
4260
4262
4340
4360
4368
4370
4380
4381
4381
4387
4418
4427
4430
4430
4439
4442
4449
4452
4454
4486
4494
4494
4502
4529
4530
4533
4541
4542
4550
4563
4569
4588
4595
4600
4607
4615
4620
4620
4646
4659
4660
4667
4670
4675
4680
4689
4701
4702
4705
4706
4711
4722
4725
4751
4751
4755
4770
4771
4774
4800
4807
4811
4814
4821
4829
4842
4852
4878
4878
4879
4882
4894
4900
4902
4953
4960
4961
4962
4964
5006
5025
5040
5055
5069
5074
5075
5085
5085
5104
5112
5125
5129
5156
5158
5174
5179
5200
5205
5206
5209
5220
5227
5231
5251
5254
5298
5305
5306
5314
5316
5318
5324
5334
5348
5352
5358
5363
5363
5374
5376
5378
5383
5392
5422
5434
5444
5461
5474
5475
5481
5511
5533
5535
5555
5569
5584
5590
5598
5605
5616
5616
5625
5633
5637
5641
5646
5658
5664
5684
5733
5742
5754
5756
5764
5765
5773
5776
5784
5796
5815
5829
5858
5868
5886
5887
5887
5902
5918
5919
5944
5944
5951
5969
5972
5987
5996
6000
6001
6009
6016
6026
6031
6036
6037
6037
6045
6049
6059
6076
6083
6084
6101
6103
6106
6116
6125
6125
6125
6136
6154
6155
6155
6157
6166
6175
6184
6189
6190
6225
6227
6228
6244
6249
6282
6288
6300
6302
6303
6321
6323
6354
6377
6378
6400
6411
6413
6460
6470
6481
6482
6483
6500
6503
6507
6522
6529
6536
6536
6539
6539
6544
6557
6566
6577
6590
6605
6612
6629
6638
6648
6654
6667
6669
6673
6673
6675
6685
6702
6706
6707
6723
6729
6733
6747
6758
6766
6771
6783
6791
6801
6804
6838
6850
6852
6852
6873
6875
6880
6912
6923
6945
6948
6955
6961
6970
6997
6998
7000
7018
7042
7061
7091
7091
7093
7099
7122
7123
7134
7138
7152
7166
7166
7168
7175
7177
7182
7185
7186
7187
7214
7215
7230
7235
7240
7274
7277
7295
7298
7302
7322
7326
7344
7354
7360
7366
7374
7396
7402
7411
7420
7420
7423
7426
7444
7450
7454
7484
7494
7502
7518
7518
7532
7534
7540
7550
7558
7561
7567
7578
7588
7615
7625
7642
7655
7677
7692
7696
7699
7701
7702
7702
7707
7714
7716
7721
7742
7755
7775
7806
7813
7816
7824
7836
7846
7871
7873
7877
7878
7881
7901
7901
7919
7933
7940
7943
7950
7952
7960
7960
7969
7997
7999
7999
7999
8003
8009
8026
8033
8057
8059
8069
8076
8103
8114
8120
8120
8137
8165
8197
8205
8216
8240
8248
8262
8270
8271
8282
8290
8293
8299
8300
8309
8309
8314
8348
8365
8366
8373
8380
8380
8400
8415
8417
8424
8426
8432
8433
8433
8440
8453
8455
8463
8474
8476
8477
8485
8488
8500
8554
8562
8568
8607
8609
8609
8611
8632
8632
8646
8649
8654
8670
8680
8680
8700
8703
8712
8717
8724
8756
8767
8771
8786
8793
8794
8817
8817
8828
8853
8874
8874
8874
8879
8880
8883
8890
8895
8898
8909
8918
8922
8953
8956
8962
8962
8971
8979
8986
9005
9014
9018
9019
9036
9046
9065
9076
9090
9093
9104
9105
9126
9133
9140
9140
9143
9166
9187
9190
9192
9194
9220
9221
9243
9243
9278
9286
9291
9313
9335
9343
9392
9396
9403
9409
9418
9422
9439
9441
9460
9461
9466
9482
9487
9524
9530
9532
9534
9555
9557
9581
9595
9615
9631
9638
9642
9650
9655
9677
9683
9703
9735
9738
9786
9790
9792
9799
9801
9811
9831
9832
9833
9835
9845
9846
9848
9859
9869
9870
9881
9889
9908
9913
9916
9933
9937
9941
9952
9953
9960
9964
9967
9985
9988
9998
9999
10007
10008
10009
10011
10017
10031
10033
10046
10060
10060
10078
10084
10097
10116
10124
10125
10127
10134
10140
10151
10168
10175
10179
10206
10206
10215
10221
10241
10246
10252
10262
10266
10276
10299
10314
10319
10325
10333
10337
10349
10351
10365
10369
10389
10394
10410
10427
10429
10453
10463
10498
10506
10512
10528
10530
10533
10539
10539
10545
10579
10582
10584
10584
10585
10586
10593
10596
10601
10612
10636
10641
10657
10661
10667
10683
10702
10712
10716
10725
10784
10788
10793
10796
10812
10817
10818
10819
10829
10849
10885
10894
10922
10934
10946
10948
10958
10970
10981
10993
11010
11020
11034
11042
11043
11069
11082
11090
11091
11110
11121
11128
11132
11132
11134
11150
11156
11160
11166
11184
11186
11222
11238
11244
11251
11253
11260
11270
11270
11270
11274
11279
11282
11302
11325
11330
11332
11337
11341
11352
11357
11388
11389
11390
11395
11396
11411
11417
11422
11426
11436
11439
11442
11448
11459
11499
11513
11520
11523
11529
11531
11531
11536
11552
11554
11555
11561
11568
11568
11578
11581
11588
11589
11589
11600
11601
11614
11620
11621
11626
11630
11647
11651
11660
11675
11679
11680
11700
11710
11718
11731
11742
11749
11752
11758
11772
11775
11783
11792
11799
11800
11811
11817
11832
11842
11844
11852
11858
11879
11892
11896
11902
11923
11923
11931
11946
11961
11975
11977
11980
12020
12035
12044
12068
12078
12085
12100
12101
12115
12119
12125
12155
12171
12181
12197
12204
12210
12233
12261
12265
12268
12279
12293
12293
12330
12339
12340
12343
12347
12363
12382
12394
12405
12409
12413
12424
12429
12441
12449
12464
12466
12467
12474
12482
12484
12504
12515
12523
12537
12547
12565
12577
12609
12612
12616
12619
12620
12635
12640
12659
12664
12674
12682
12686
12692
12694
12703
12709
12729
12745
12747
12757
12765
12812
12813
12817
12826
12831
12861
12863
12865
12867
12868
12869
12872
12898
12901
12906
12915
12923
12924
12944
12948
12959
12970
12990
12993
13003
13007
13047
13061
13084
13089
13094
13095
13100
13106
13149
13155
13158
13162
13186
13198
13237
13237
13259
13274
13295
13319
13326
13327
13352
13353
13354
13361
13374
13391
13404
13426
13444
13453
13462
13464
13469
13475
13490
13505
13520
13521
13527
13548
13548
13558
13568
13580
13584
13599
13609
13610
13630
13646
13647
13656
13666
13673
13684
13691
13698
13702
13704
13743
13745
13759
13765
13768
13771
13771
13780
13782
13786
13787
13794
13795
13802
13812
13816
13818
13828
13849
13899
13902
13902
13906
13919
13933
13955
13956
13962
13979
13991
13996
14012
14025
14030
14066
14081
14094
14103
14104
14106
14170
14186
14198
14199
14205
14218
14220
14231
14247
14259
14259
14297
14306
14335
14355
14357
14361
14364
14380
14390
14394
14399
14399
14404
14407
14408
14413
14418
14420
14422
14445
14452
14459
14460
14466
14496
14502
14503
14513
14514
14515
14518
14522
14548
14551
14574
14582
14593
14596
14606
14607
14625
14631
14631
14637
14657
14666
14682
14691
14705
14709
14716
14726
14736
14742
14746
14755
14765
14791
14795
14864
14866
14904
14907
14914
14917
14918
14927
14928
14939
14954
14968
14983
14989
15002
15002
15027
15053
15066
15072
15079
15082
15090
15091
15096
15107
15108
15112
15124
15135
15140
15162
15184
15206
15209
15214
15223
15225
15228
15229
15236
15250
15260
15267
15270
15273
15283
15300
15323
15358
15361
15381
15384
15390
15391
15423
15444
15448
15478
15512
15516
15528
15531
15533
15558
15595
15595
15604
15614
15620
15628
15631
15642
15663
15664
15665
15673
15684
15690
15701
15715
15721
15728
15738
15755
15769
15780
15802
15802
15806
15819
15860
15886
15894
15901
15907
15912
15931
15932
15939
15948
15959
15993
15993
16004
16011
16018
16022
16029
16038
16040
16050
16056
16057
16064
16066
16079
16108
16113
16146
16157
16157
16162
16165
16173
16180
16187
16219
16223
16225
16226
16251
16254
16256
16269
16278
16281
16287
16294
16299
16313
16320
16331
16335
16340
16353
16358
16373
16380
16396
16400
16405
16408
16437
16442
16462
16481
16491
16517
16552
16558
16561
16563
16567
16593
16610
16612
16629
16630
16642
16645
16652
16661
16680
16702
16717
16723
16724
16732
16735
16736
16750
16753
16773
16789
16797
16802
16804
16810
16818
16833
16838
16846
16852
16861
16866
16871
16893
16927
16927
16931
16941
16953
16958
16995
17010
17038
17039
17043
17046
17058
17063
17065
17090
17098
17100
17110
17113
17118
17131
17133
17144
17156
17161
17223
17224
17226
17230
17230
17242
17244
17248
17249
17249
17256
17261
17268
17281
17307
17319
17321
17342
17348
17349
17363
17368
17369
17373
17399
17402
17405
17409
17431
17444
17454
17459
17465
17466
17474
17562
17565
17569
17578
17588
17595
17603
17630
17634
17641
17657
17659
17664
17665
17671
17695
17701
17710
17715
17737
17739
17748
17748
17756
17761
17767
17788
17794
17807
17822
17827
17842
17851
17852
17865
17873
17875
17877
17920
17929
17936
17954
17958
17961
17976
17985
17989
17990
18003
18011
18014
18015
18016
18016
18022
18024
18054
18058
18073
18085
18089
18099
18102
18104
18136
18162
18167
18170
18187
18195
18195
18197
18214
18216
18226
18229
18229
18232
18236
18241
18243
18249
18262
18277
18280
18281
18283
18321
18339
18347
18376
18378
18401
18423
18427
18435
18443
18448
18451
18484
18489
18501
18518
18525
18532
18564
18575
18589
18594
18607
18608
18634
18639
18647
18662
18666
18668
18670
18673
18676
18690
18732
18732
18743
18749
18767
18772
18781
18812
18824
18852
18867
18870
18871
18890
18899
18900
18918
18921
18936
18953
18970
18972
18974
18995
18995
18999
19010
19024
19030
19045
19062
19067
19073
19080
19081
19082
19083
19086
19092
19094
19108
19109
19130
19138
19142
19148
19168
19179
19193
19208
19212
19213
19223
19229
19231
19235
19246
19249
19249
19253
19277
19306
19324
19331
19341
19363
19375
19381
19407
19430
19432
19442
19446
19467
19479
19487
19511
19516
19519
19522
19525
19536
19543
19551
19555
19557
19568
19569
19588
19592
19602
19603
19609
19627
19628
19652
19697
19698
19698
19710
19715
19718
19734
19739
19741
19750
19755
19759
19789
19789
19816
19822
19829
19837
19897
19900
19900
19902
19907
19912
19922
19929
19930
19948
19955
19959
19961
19963
19973
19984
20008
20019
20035
20044
20054
20057
20061
20062
20063
20085
20086
20098
20105
20105
20121
20124
20146
20155
20164
20167
20179
20193
20197
20201
20223
20235
20244
20245
20278
20292
20303
20310
20314
20316
20316
20321
20331
20333
20336
20337
20340
20341
20348
20352
20362
20415
20417
20434
20435
20436
20447
20448
20454
20461
20473
20502
20521
20561
20562
20578
20595
20602
20612
20615
20625
20656
20659
20670
20679
20679
20694
20718
20741
20741
20758
20766
20787
20790
20812
20870
20870
20881
20885
20887
20891
20894
20905
20913
20916
20921
20943
20954
20957
20965
21013
21025
21027
21036
21051
21060
21073
21074
21076
21084
21089
21090
21092
21101
21105
21121
21121
21137
21146
21154
21154
21157
21166
21179
21182
21191
21194
21202
21203
21206
21208
21225
21228
21252
21262
21279
21280
21287
21301
21312
21322
21330
21330
21346
21348
21359
21366
21373
21378
21381
21385
21402
21409
21415
21416
21417
21438
21487
21488
21491
21494
21498
21507
21517
21526
21550
21592
21601
21603
21612
21621
21632
21643
21646
21651
21660
21669
21671
21679
21688
21692
21694
21696
21707
21708
21714
21764
21769
21783
21783
21783
21786
21790
21804
21804
21806
21815
21817
21819
21824
21830
21846
21856
21873
21884
21886
21896
21899
21901
21930
21934
21945
21947
21971
22004
22005
22011
22014
22018
22025
22044
22052
22081
22082
22095
22120
22129
22137
22137
22143
22158
22165
22181
22185
22195
22202
22207
22210
22215
22216
22231
22231
22232
22251
22258
22270
22274
22282
22293
22296
22305
22309
22310
22314
22326
22329
22347
22347
22348
22348
22375
22389
22395
22406
22407
22419
22442
22462
22484
22487
22502
22513
22516
22516
22518
22547
22554
22563
22569
22581
22591
22596
22601
22607
22622
22643
22653
22664
22665
22676
22684
22693
22697
22702
22720
22732
22760
22761
22777
22789
22789
22794
22808
22809
22819
22824
22834
22840
22861
22877
22878
22887
22892
22892
22895
22902
22913
22917
22920
22929
22943
22953
22956
22957
22962
22970
22979
22980
22981
22982
22986
23012
23014
23022
23033
23048
23057
23090
23095
23100
23115
23126
23143
23168
23172
23175
23225
23248
23251
23253
23259
23260
23265
23277
23286
23289
23311
23313
23315
23316
23395
23400
23433
23437
23439
23445
23449
23456
23469
23486
23495
23521
23523
23526
23534
23536
23567
23567
23568
23570
23601
23605
23615
23617
23620
23628
23628
23650
23676
23680
23689
23694
23698
23703
23706
23713
23714
23728
23731
23732
23772
23799
23811
23815
23817
23824
23840
23880
23882
23891
23897
23922
23924
23927
23931
23935
23947
23953
23974
23978
24004
24007
24008
24012
24025
24030
24032
24033
24042
24047
24055
24088
24099
24123
24139
24155
24158
24158
24160
24177
24184
24188
24190
24192
24197
24198
24199
24202
24204
24218
24220
24225
24229
24235
24260
24267
24273
24282
24285
24332
24347
24361
24394
24422
24426
24426
24435
24446
24447
24449
24465
24468
24484
24502
24502
24516
24533
24533
24556
24564
24568
24593
24593
24594
24609
24628
24640
24641
24650
24651
24661
24663
24663
24683
24686
24692
24702
24720
24737
24741
24741
24743
24748
24748
24750
24754
24763
24764
24766
24786
24792
24793
24796
24801
24809
24813
24818
24828
24832
24835
24837
24853
24895
24923
24924
24926
24941
24942
24955
24957
24962
24965
24973
24975
24994
24998
25037
25042
25044
25054
25077
25081
25083
25086
25108
25114
25115
25123
25131
25133
25139
25153
25161
25170
25176
25181
25187
25255
25270
25272
25297
25302
25302
25307
25319
25340
25375
25385
25391
25397
25415
25416
25419
25448
25452
25466
25471
25480
25484
25492
25503
25508
25509
25521
25544
25550
25569
25580
25582
25589
25598
25599
25603
25603
25629
25629
25653
25657
25663
25666
25672
25677
25684
25689
25691
25695
25705
25709
25712
25723
25757
25761
25769
25773
25775
25787
25793
25801
25815
25856
25873
25875
25880
25884
25887
25891
25908
25918
25922
25923
25931
25934
25935
25936
25949
25957
25961
25972
25973
25976
25979
25981
25982
25985
26017
26029
26050
26090
26114
26127
26138
26154
26157
26163
26166
26172
26173
26174
26177
26177
26183
26185
26186
26190
26190
26195
26219
26221
26229
26230
26231
26235
26241
26247
26258
26262
26280
26282
26302
26314
26342
26342
26352
26354
26362
26364
26374
26392
26424
26453
26468
26470
26490
26500
26505
26512
26541
26544
26550
26553
26555
26561
26562
26572
26578
26579
26579
26598
26615
26632
26640
26641
26649
26649
26656
26665
26666
26693
26701
26720
26739
26784
26785
26785
26785
26793
26796
26828
26836
26838
26849
26856
26858
26865
26869
26871
26885
26890
26890
26890
26894
26920
26941
26945
26950
26959
26968
26983
26989
27013
27014
27017
27018
27026
27028
27041
27056
27076
27086
27090
27121
27141
27148
27161
27163
27190
27204
27206
27219
27222
27228
27236
27237
27248
27249
27256
27260
27271
27274
27278
27281
27289
27301
27321
27323
27325
27329
27334
27334
27377
27397
27401
27407
27408
27411
27417
27424
27432
27442
27470
27470
27482
27484
27497
27505
27523
27534
27563
27596
27604
27606
27625
27654
27659
27659
27668
27671
27673
27700
27712
27717
27723
27725
27737
27742
27750
27754
27755
27773
27784
27811
27829
27834
27836
27844
27854
27864
27890
27900
27914
27915
27918
27920
27926
27938
27963
27976
27998
27999
28002
28015
28020
28040
28046
28070
28087
28090
28100
28140
28167
28178
28181
28186
28212
28221
28232
28240
28244
28244
28252
28280
28286
28287
28292
28297
28299
28299
28314
28320
28323
28331
28338
28341
28372
28374
28378
28382
28394
28408
28409
28423
28426
28463
28470
28489
28506
28507
28517
28540
28540
28548
28581
28583
28584
28594
28595
28606
28612
28613
28615
28651
28673
28685
28686
28696
28711
28752
28774
28776
28787
28787
28790
28806
28809
28818
28831
28853
28857
28860
28867
28876
28887
28888
28888
28899
28913
28919
28922
28936
28939
28953
28953
29012
29031
29054
29071
29078
29083
29099
29100
29104
29104
29106
29111
29112
29119
29129
29141
29153
29177
29180
29181
29183
29203
29210
29215
29215
29228
29245
29255
29256
29274
29284
29289
29300
29304
29315
29315
29320
29330
29354
29375
29411
29414
29414
29419
29430
29439
29458
29465
29506
29510
29513
29521
29525
29540
29542
29543
29546
29562
29565
29572
29579
29625
29644
29663
29664
29672
29672
29700
29704
29711
29713
29749
29753
29760
29773
29800
29800
29811
29813
29832
29866
29876
29876
29896
29899
29926
29926
29927
29935
29938
29954
29955
29960
29973
29989
29994
30004
30029
30032
30037
30045
30051
30052
30062
30078
30092
30101
30104
30109
30114
30116
30118
30119
30139
30142
30147
30151
30161
30169
30189
30213
30226
30237
30264
30289
30324
30344
30352
30359
30366
30369
30371
30371
30394
30410
30412
30418
30438
30440
30443
30445
30452
30473
30473
30497
30497
30511
30519
30521
30524
30524
30532
30533
30540
30544
30548
30553
30575
30576
30582
30599
30603
30606
30608
30609
30640
30642
30645
30647
30654
30664
30672
30676
30689
30693
30710
30755
30779
30782
30789
30791
30796
30798
30804
30810
30823
30830
30848
30854
30862
30882
30882
30883
30892
30932
30965
30968
30972
30978
31032
31045
31048
31062
31069
31084
31090
31093
31111
31123
31127
31132
31148
31167
31174
31214
31215
31223
31229
31232
31240
31256
31264
31270
31274
31278
31278
31284
31286
31288
31292
31311
31318
31332
31332
31337
31345
31350
31353
31362
31364
31374
31387
31389
31391
31395
31398
31454
31458
31470
31471
31480
31482
31486
31510
31541
31543
31554
31559
31579
31580
31588
31608
31617
31619
31658
31668
31670
31697
31705
31778
31784
31794
31796
31809
31855
31858
31881
31889
31892
31892
31893
31893
31908
31917
31920
31925
31930
31940
31944
31949
31966
31967
32006
32014
32018
32022
32028
32028
32029
32029
32032
32038
32054
32057
32091
32097
32097
32103
32108
32110
32111
32112
32117
32120
32121
32144
32165
32172
32189
32190
32194
32205
32217
32241
32252
32253
32259
32280
32290
32300
32326
32360
32374
32374
32395
32397
32410
32411
32426
32433
32458
32463
32481
32483
32509
32534
32538
32552
32555
32564
32593
32606
32616
32628
32642
32652
32658
32660
32716
32718
32725
32732
32737
32763
32770
32775
32788
32789
32799
32814
32827
32838
32838
32841
32844
32859
32862
32870
32901
32905
32911
32921
32924
32936
32944
32956
32962
32964
32970
32975
32996
32999
33003
33004
33012
33024
33035
33050
33053
33054
33075
33093
33109
33124
33131
33142
33144
33146
33162
33174
33180
33185
33197
33214
33231
33246
33251
33253
33254
33268
33288
33288
33290
33296
33303
33326
33334
33343
33350
33354
33356
33372
33415
33416
33419
33428
33432
33442
33446
33450
33453
33458
33466
33469
33482
33484
33514
33514
33515
33521
33530
33534
33545
33553
33564
33608
33608
33614
33619
33624
33633
33634
33644
33676
33676
33680
33683
33692
33702
33706
33706
33723
33727
33731
33735
33751
33757
33758
33759
33761
33800
33813
33816
33826
33837
33839
33845
33850
33855
33879
33891
33892
33893
33903
33906
33938
33944
33945
33955
33955
33967
33977
33988
33997
33999
34002
34002
34007
34011
34015
34018
34026
34029
34035
34056
34072
34081
34085
34085
34086
34093
34098
34120
34136
34140
34142
34147
34151
34154
34156
34161
34174
34177
34180
34191
34257
34257
34258
34265
34273
34294
34299
34305
34331
34334
34335
34349
34368
34371
34372
34376
34390
34390
34427
34428
34438
34439
34445
34470
34486
34506
34515
34523
34524
34540
34547
34553
34563
34565
34591
34613
34621
34648
34655
34674
34674
34679
34693
34708
34711
34718
34722
34724
34731
34732
34741
34745
34765
34775
34797
34826
34848
34853
34865
34895
34909
34910
34911
34915
34921
34922
34933
34938
34944
34955
34959
34962
34963
34979
34988
35005
35005
35044
35088
35092
35095
35095
35097
35101
35101
35107
35116
35123
35137
35161
35163
35175
35177
35185
35204
35213
35245
35249
35273
35284
35296
35304
35317
35321
35348
35365
35371
35392
35405
35405
35462
35470
35477
35482
35484
35514
35515
35535
35543
35544
35545
35546
35548
35554
35558
35564
35573
35584
35593
35601
35658
35669
35671
35675
35681
35682
35703
35735
35739
35740
35742
35755
35761
35771
35772
35775
35796
35801
35810
35817
35818
35820
35838
35872
35892
35893
35894
35898
35918
35934
35937
35954
35957
35981
35990
36002
36014
36039
36063
36072
36091
36102
36115
36120
36132
36142
36204
36209
36219
36243
36250
36270
36279
36285
36295
36300
36303
36314
36315
36323
36335
36345
36348
36349
36364
36376
36405
36407
36407
36411
36427
36430
36464
36465
36467
36474
36478
36496
36512
36537
36541
36543
36550
36572
36574
36605
36612
36614
36621
36636
36648
36648
36649
36674
36680
36685
36705
36708
36711
36743
36748
36749
36804
36824
36831
36846
36858
36866
36878
36881
36885
36903
36911
36915
36916
36919
36925
36934
36963
36974
36980
36988
36995
37000
37001
37013
37016
37016
37024
37025
37026
37039
37044
37051
37064
37071
37072
37075
37082
37093
37103
37110
37124
37133
37135
37147
37157
37160
37164
37176
37183
37184
37191
37215
37231
37237
37245
37253
37257
37258
37263
37267
37272
37282
37311
37312
37316
37344
37355
37363
37378
37384
37390
37410
37410
37421
37422
37423
37427
37434
37436
37443
37446
37461
37462
37475
37476
37482
37495
37500
37504
37507
37511
37517
37528
37529
37550
37555
37558
37563
37583
37601
37603
37619
37621
37644
37646
37647
37647
37650
37665
37676
37683
37684
37700
37700
37715
37718
37726
37746
37751
37761
37782
37787
37815
37836
37847
37847
37873
37877
37878
37883
37892
37894
37900
37933
37958
37979
37996
38013
38032
38032
38034
38055
38056
38059
38063
38092
38100
38108
38140
38148
38167
38168
38175
38183
38185
38191
38204
38231
38245
38263
38280
38283
38286
38312
38315
38325
38333
38351
38351
38361
38384
38388
38393
38400
38407
38428
38436
38452
38456
38462
38463
38473
38479
38487
38494
38524
38527
38548
38552
38555
38556
38569
38570
38573
38577
38608
38610
38621
38623
38636
38644
38667
38669
38669
38689
38695
38700
38711
38736
38757
38761
38765
38774
38779
38780
38784
38799
38812
38830
38830
38844
38846
38847
38849
38852
38853
38854
38861
38861
38865
38869
38871
38898
38903
38907
38921
38923
38925
38927
38976
38981
38989
39002
39002
39006
39008
39021
39035
39043
39043
39048
39048
39065
39094
39106
39110
39122
39140
39141
39150
39157
39161
39170
39174
39176
39191
39193
39216
39218
39241
39259
39260
39261
39267
39277
39288
39288
39308
39332
39347
39358
39364
39380
39388
39414
39416
39418
39421
39443
39455
39470
39480
39485
39496
39501
39511
39523
39531
39545
39576
39589
39591
39596
39598
39606
39624
39625
39639
39643
39650
39654
39659
39662
39685
39700
39705
39706
39708
39744
39747
39748
39757
39758
39767
39771
39787
39793
39818
39885
39892
39902
39905
39913
39931
39942
39950
39991
40012
40013
40036
40054
40056
40073
40098
40106
40119
40124
40135
40171
40182
40184
40197
40201
40230
40230
40231
40239
40240
40249
40256
40257
40268
40271
40281
40304
40315
40323
40323
40323
40325
40339
40356
40358
40360
40371
40382
40385
40386
40403
40404
40413
40417
40422
40423
40444
40448
40449
40451
40453
40459
40471
40472
40483
40484
40487
40506
40521
40547
40569
40583
40596
40601
40605
40615
40623
40647
40652
40664
40665
40709
40741
40755
40756
40760
40771
40772
40783
40790
40819
40839
40858
40864
40868
40871
40873
40876
40882
40907
40912
40924
40931
40935
40942
40947
40947
40951
40955
40959
40963
40980
40986
41008
41034
41054
41055
41066
41100
41106
41106
41108
41112
41122
41123
41146
41151
41175
41210
41216
41241
41249
41261
41277
41277
41278
41281
41297
41298
41300
41302
41304
41314
41318
41327
41335
41343
41343
41346
41356
41365
41372
41381
41386
41402
41425
41431
41432
41434
41450
41453
41467
41475
41478
41505
41520
41521
41539
41548
41566
41571
41586
41589
41593
41597
41607
41620
41629
41638
41645
41659
41662
41681
41688
41701
41705
41710
41715
41742
41766
41821
41856
41859
41859
41862
41869
41883
41923
41925
41933
41958
41959
41961
41965
41980
41985
41992
42010
42016
42020
42043
42060
42065
42069
42071
42100
42121
42124
42143
42154
42163
42168
42171
42177
42182
42193
42246
42247
42261
42279
42303
42304
42310
42316
42346
42362
42372
42377
42388
42407
42411
42414
42422
42422
42424
42425
42426
42463
42464
42465
42484
42487
42490
42493
42495
42513
42522
42528
42529
42533
42543
42572
42572
42575
42581
42601
42609
42614
42655
42655
42659
42665
42670
42671
42672
42687
42689
42692
42705
42707
42707
42711
42714
42738
42745
42748
42754
42759
42764
42774
42782
42784
42811
42812
42853
42863
42876
42883
42905
42906
42920
42943
42961
42976
43049
43051
43062
43067
43082
43088
43099
43102
43118
43124
43125
43132
43136
43141
43153
43154
43177
43191
43202
43203
43209
43211
43216
43217
43230
43275
43280
43297
43305
43305
43322
43355
43372
43392
43394
43406
43409
43436
43441
43457
43459
43469
43470
43474
43474
43482
43486
43489
43493
43497
43500
43509
43512
43520
43520
43521
43522
43529
43554
43561
43571
43612
43613
43616
43641
43645
43656
43672
43682
43687
43687
43693
43697
43697
43698
43701
43715
43755
43758
43773
43798
43800
43856
43867
43916
43927
43939
43949
43954
43965
43967
43994
43995
43999
44010
44039
44040
44040
44044
44048
44077
44089
44098
44116
44120
44143
44149
44151
44177
44180
44194
44204
44206
44221
44238
44257
44258
44259
44264
44270
44277
44290
44310
44347
44369
44376
44380
44382
44383
44388
44402
44405
44413
44419
44422
44431
44444
44446
44457
44475
44496
44497
44508
44521
44525
44532
44589
44618
44632
44645
44647
44685
44695
44703
44729
44729
44738
44745
44748
44779
44785
44797
44797
44801
44812
44813
44836
44847
44854
44858
44879
44879
44896
44900
44904
44904
44931
44934
44943
44945
44945
44958
44964
44976
45001
45010
45016
45025
45052
45055
45056
45058
45064
45082
45089
45102
45106
45108
45108
45117
45128
45143
45145
45150
45165
45171
45173
45260
45262
45273
45275
45292
45298
45327
45334
45357
45393
45452
45477
45483
45500
45501
45511
45531
45536
45543
45552
45561
45563
45579
45584
45597
45602
45608
45613
45615
45616
45627
45631
45650
45655
45678
45690
45691
45708
45709
45746
45769
45769
45790
45808
45824
45825
45828
45828
45829
45830
45849
45858
45891
45895
45903
45920
45951
45952
45958
45958
45968
45974
45975
45977
46010
46013
46014
46026
46045
46048
46054
46068
46071
46084
46098
46106
46112
46118
46135
46154
46159
46169
46171
46197
46232
46237
46249
46250
46255
46264
46274
46277
46279
46296
46298
46300
46306
46315
46316
46319
46332
46342
46349
46365
46366
46372
46383
46402
46405
46409
46416
46428
46428
46451
46452
46478
46479
46484
46491
46498
46501
46503
46517
46532
46542
46555
46568
46571
46571
46577
46593
46614
46626
46686
46694
46701
46717
46717
46723
46728
46738
46740
46758
46759
46771
46790
46791
46798
46805
46834
46845
46866
46875
46877
46877
46879
46881
46894
46894
46898
46898
46910
46911
46912
46925
46927
46933
46940
46965
46973
46978
46986
46990
46995
47001
47006
47011
47020
47030
47043
47044
47047
47047
47051
47063
47072
47080
47080
47080
47090
47092
47093
47102
47103
47115
47142
47144
47157
47158
47162
47170
47195
47198
47202
47204
47215
47221
47240
47246
47250
47252
47285
47301
47301
47308
47308
47310
47347
47348
47357
47359
47363
47377
47382
47387
47396
47403
47404
47407
47409
47413
47424
47430
47433
47436
47438
47444
47445
47464
47472
47479
47493
47497
47503
47506
47514
47521
47533
47540
47570
47591
47595
47627
47632
47644
47658
47661
47668
47676
47689
47691
47701
47711
47726
47728
47738
47757
47765
47766
47773
47774
47786
47787
47792
47810
47845
47859
47870
47889
47904
47909
47909
47933
47945
47965
47967
47970
47990
47998
48011
48023
48036
48046
48050
48062
48092
48092
48094
48099
48102
48116
48119
48131
48131
48133
48143
48150
48154
48157
48172
48173
48182
48183
48203
48223
48247
48249
48251
48252
48261
48268
48276
48295
48300
48301
48302
48317
48397
48399
48400
48401
48402
48404
48405
48429
48444
48455
48458
48471
48485
48490
48502
48503
48511
48517
48517
48523
48525
48529
48536
48537
48557
48558
48562
48567
48597
48616
48620
48625
48661
48677
48677
48695
48719
48725
48728
48740
48744
48794
48795
48797
48812
48842
48842
48850
48858
48868
48884
48903
48907
48917
48959
48960
48962
48965
48978
49001
49013
49024
49030
49033
49048
49048
49062
49083
49093
49100
49115
49115
49119
49132
49141
49163
49166
49170
49188
49200
49221
49232
49234
49265
49275
49277
49291
49303
49305
49311
49313
49323
49332
49334
49341
49356
49358
49391
49402
49408
49414
49418
49425
49449
49450
49451
49463
49477
49520
49535
49546
49561
49564
49576
49580
49593
49602
49621
49642
49715
49719
49722
49724
49726
49732
49760
49767
49774
49775
49783
49786
49791
49794
49803
49806
49808
49809
49829
49841
49842
49859
49882
49885
49887
49904
49915
49925
49951
49964
49965
49968
49983
49985
50052
50089
50106
50143
50144
50151
50157
50177
50195
50201
50203
50236
50240
50250
50269
50279
50282
50286
50301
50321
50323
50338
50358
50365
50368
50379
50386
50397
50398
50420
50425
50439
50471
50491
50506
50516
50524
50532
50537
50544
50551
50556
50564
50564
50577
50579
50579
50590
50595
50619
50641
50644
50655
50676
50678
50688
50695
50699
50700
50705
50719
50756
50777
50779
50786
50790
50800
50822
50823
50836
50837
50846
50848
50867
50876
50891
50897
50898
50911
50930
50930
50951
50960
50962
50965
50968
50972
50973
50979
50981
50994
50997
51011
51038
51039
51050
51052
51071
51078
51083
51085
51085
51103
51111
51130
51132
51144
51160
51163
51165
51175
51176
51187
51211
51233
51235
51236
51239
51249
51251
51277
51285
51288
51292
51315
51317
51330
51340
51342
51343
51349
51351
51361
51362
51376
51385
51387
51403
51410
51415
51416
51418
51420
51427
51437
51438
51444
51451
51453
51454
51466
51470
51475
51486
51496
51509
51526
51559
51572
51582
51596
51607
51626
51635
51655
51674
51682
51687
51716
51728
51734
51742
51743
51743
51765
51781
51782
51795
51802
51813
51815
51835
51836
51847
51850
51851
51851
51858
51862
51881
51885
51889
51898
51901
51908
51921
51933
51933
51939
51955
51959
51963
51966
51984
51998
51999
52000
52001
52018
52037
52040
52045
52048
52056
52056
52061
52063
52076
52082
52085
52099
52103
52110
52126
52129
52130
52133
52139
52159
52167
52179
52179
52179
52181
52190
52193
52196
52209
52232
52235
52242
52270
52276
52280
52292
52293
52301
52311
52317
52319
52334
52354
52359
52360
52365
52374
52379
52380
52386
52389
52411
52432
52432
52438
52447
52454
52469
52477
52478
52483
52487
52499
52511
52526
52528
52542
52551
52570
52594
52615
52619
52620
52621
52626
52632
52633
52643
52657
52671
52679
52685
52705
52716
52720
52743
52745
52767
52776
52787
52833
52839
52850
52853
52866
52872
52900
52929
52936
52955
52955
52961
52967
52967
52969
52983
52991
53011
53022
53050
53054
53059
53116
53124
53155
53186
53188
53190
53220
53226
53226
53234
53236
53253
53258
53259
53267
53281
53285
53300
53301
53310
53320
53325
53336
53350
53374
53377
53399
53432
53440
53441
53444
53469
53471
53495
53511
53512
53518
53542
53557
53557
53565
53575
53577
53596
53598
53599
53625
53627
53641
53664
53681
53685
53686
53686
53686
53692
53712
53744
53744
53764
53778
53786
53795
53807
53843
53848
53849
53850
53870
53878
53892
53899
53924
53925
53928
53931
53935
53939
53952
53961
53967
53971
53974
53977
53993
54011
54021
54031
54079
54080
54089
54090
54114
54122
54140
54147
54186
54187
54202
54202
54214
54214
54227
54227
54243
54243
54264
54275
54300
54314
54316
54324
54325
54334
54340
54344
54346
54352
54358
54363
54398
54401
54407
54450
54456
54463
54466
54472
54479
54493
54510
54512
54517
54519
54537
54582
54586
54594
54602
54608
54624
54664
54666
54686
54690
54695
54699
54727
54741
54741
54745
54750
54771
54779
54780
54796
54810
54850
54861
54874
54878
54882
54895
54916
54921
54923
54971
54977
55006
55011
55016
55038
55042
55048
55050
55068
55086
55091
55100
55114
55121
55122
55134
55150
55152
55161
55162
55180
55187
55218
55219
55221
55231
55232
55244
55255
55256
55266
55269
55285
55285
55294
55334
55335
55375
55378
55392
55441
55442
55479
55489
55495
55520
55522
55522
55527
55539
55551
55569
55569
55596
55597
55600
55611
55623
55633
55653
55671
55677
55712
55719
55720
55728
55729
55733
55742
55754
55768
55769
55772
55786
55787
55793
55794
55795
55797
55804
55812
55840
55877
55882
55914
55914
55928
55930
55951
55982
56003
56010
56024
56027
56032
56033
56039
56040
56043
56046
56051
56065
56070
56078
56087
56090
56096
56100
56103
56108
56113
56122
56140
56151
56151
56157
56164
56172
56199
56200
56219
56224
56253
56255
56265
56292
56294
56298
56309
56339
56343
56347
56357
56363
56364
56379
56380
56385
56390
56393
56416
56443
56456
56470
56473
56474
56487
56493
56496
56508
56514
56534
56538
56545
56548
56569
56577
56584
56613
56644
56650
56662
56680
56690
56693
56720
56727
56733
56735
56737
56738
56739
56743
56747
56748
56749
56757
56767
56767
56772
56783
56786
56787
56791
56800
56804
56829
56844
56857
56863
56867
56883
56884
56890
56932
56951
56955
56962
56967
56986
56996
56998
57002
57011
57019
57022
57024
57027
57041
57050
57054
57056
57067
57067
57089
57094
57109
57119
57134
57136
57153
57185
57207
57223
57245
57264
57266
57267
57303
57332
57342
57348
57350
57367
57369
57374
57385
57390
57391
57396
57397
57402
57408
57420
57428
57431
57447
57473
57478
57485
57505
57508
57510
57521
57530
57548
57573
57593
57596
57596
57601
57607
57649
57651
57651
57656
57662
57675
57678
57716
57753
57753
57756
57767
57774
57783
57784
57787
57788
57790
57791
57795
57805
57807
57812
57812
57821
57841
57857
57868
57883
57895
57912
57923
57925
57938
57938
57945
57951
57968
57970
57986
57989
58015
58023
58030
58032
58055
58059
58072
58073
58080
58094
58098
58108
58109
58153
58157
58173
58173
58190
58198
58228
58237
58243
58256
58260
58264
58267
58280
58292
58314
58320
58328
58347
58363
58382
58387
58400
58408
58413
58439
58442
58457
58464
58465
58468
58494
58500
58577
58581
58582
58608
58608
58614
58619
58621
58621
58622
58625
58627
58689
58695
58696
58709
58721
58721
58734
58735
58762
58762
58769
58803
58804
58806
58810
58842
58866
58871
58883
58889
58892
58903
58908
58916
58938
58944
58945
58947
58955
58958
58960
58964
58965
58973
58995
59002
59026
59026
59028
59032
59062
59069
59075
59082
59098
59109
59115
59119
59123
59126
59131
59151
59157
59158
59166
59169
59183
59224
59224
59227
59228
59229
59237
59240
59247
59249
59251
59261
59276
59280
59283
59303
59304
59311
59318
59343
59345
59350
59357
59372
59374
59377
59383
59392
59398
59425
59440
59442
59454
59460
59465
59467
59470
59477
59479
59481
59498
59501
59504
59505
59540
59543
59551
59564
59577
59583
59584
59587
59607
59611
59618
59625
59627
59633
59634
59635
59637
59637
59650
59653
59655
59657
59663
59666
59669
59671
59685
59700
59733
59742
59747
59757
59767
59772
59776
59801
59805
59823
59831
59834
59845
59851
59868
59886
59893
59902
59913
59952
59964
59981
59989
59998
59998
60005
60014
60022
60028
60028
60033
60038
60085
60087
60100
60106
60106
60113
60151
60152
60154
60197
60199
60213
60226
60232
60251
60253
60258
60269
60308
60308
60315
60317
60318
60435
60443
60444
60461
60465
60484
60498
60513
60520
60525
60526
60530
60540
60543
60546
60577
60590
60598
60599
60620
60643
60656
60658
60668
60678
60681
60686
60690
60701
60720
60724
60735
60742
60745
60747
60749
60772
60778
60779
60780
60783
60788
60794
60798
60802
60805
60818
60835
60849
60855
60868
60878
60883
60893
60897
60912
60913
60913
60914
60917
60937
60937
60944
60955
60960
60965
60993
61003
61022
61025
61027
61032
61032
61042
61051
61083
61087
61089
61091
61091
61109
61113
61129
61138
61155
61169
61185
61190
61191
61203
61213
61217
61224
61225
61243
61251
61251
61255
61271
61276
61283
61309
61324
61332
61368
61375
61378
61403
61403
61408
61410
61447
61450
61459
61460
61464
61465
61467
61471
61475
61486
61491
61521
61527
61529
61531
61533
61534
61552
61556
61557
61561
61575
61591
61591
61636
61641
61657
61673
61680
61684
61726
61733
61748
61749
61757
61761
61766
61773
61774
61787
61802
61805
61805
61811
61814
61825
61833
61834
61834
61847
61850
61867
61882
61899
61903
61906
61910
61920
61920
61922
61922
61938
61942
61959
61974
61979
61983
61984
61990
61993
61998
61998
62000
62004
62019
62048
62115
62117
62137
62148
62160
62166
62171
62171
62193
62212
62217
62237
62241
62268
62268
62276
62290
62293
62298
62305
62306
62325
62344
62352
62378
62382
62385
62389
62426
62441
62447
62449
62491
62506
62507
62512
62522
62536
62536
62538
62541
62559
62565
62584
62605
62614
62642
62668
62672
62672
62690
62701
62703
62709
62719
62725
62737
62752
62756
62758
62762
62777
62810
62815
62819
62826
62828
62833
62843
62878
62910
62923
62929
62930
62934
62952
62962
62970
62986
63012
63041
63051
63055
63064
63066
63072
63124
63127
63138
63145
63152
63153
63161
63174
63174
63181
63199
63214
63220
63221
63251
63258
63259
63274
63274
63274
63276
63286
63289
63292
63297
63311
63315
63327
63333
63333
63368
63375
63383
63398
63412
63412
63413
63415
63440
63440
63441
63456
63532
63546
63554
63555
63559
63561
63570
63582
63592
63594
63610
63628
63641
63647
63652
63659
63665
63666
63686
63688
63704
63720
63725
63733
63748
63753
63772
63781
63789
63809
63809
63818
63821
63845
63848
63851
63852
63855
63857
63863
63867
63884
63893
63895
63905
63911
63915
63953
63954
63956
63971
63974
63990
64004
64017
64045
64051
64058
64068
64080
64089
64090
64092
64093
64102
64122
64131
64137
64167
64171
64177
64200
64202
64204
64210
64241
64243
64245
64246
64249
64250
64261
64273
64284
64292
64296
64298
64305
64332
64360
64371
64374
64382
64386
64397
64415
64416
64426
64426
64428
64434
64450
64465
64469
64469
64477
64488
64496
64497
64497
64499
64503
64510
64512
64538
64583
64589
64600
64610
64621
64634
64642
64649
64649
64653
64667
64670
64685
64686
64688
64718
64727
64732
64748
64748
64759
64764
64769
64772
64810
64811
64812
64832
64842
64843
64860
64865
64885
64894
64895
64898
64902
64919
64928
64931
64947
64955
64960
64961
64971
64980
64993
65003
65029
65030
65038
65038
65089
65099
65107
65144
65176
65187
65222
65235
65248
65255
65270
65282
65282
65282
65313
65347
65354
65357
65369
65371
65376
65402
65429
65446
65456
65457
65460
65461
65498
65503
65510
65511
65517
65521
65529
65537
65549
65566
65586
65600
65632
65645
65663
65668
65675
65684
65713
65734
65738
65747
65766
65770
65781
65784
65807
65844
65872
65906
65927
65935
65945
65955
65956
65975
65988
65992
66002
66004
66042
66055
66060
66067
66088
66091
66118
66123
66135
66154
66161
66163
66166
66167
66183
66201
66214
66227
66238
66244
66254
66283
66288
66324
66328
66335
66342
66345
66350
66352
66364
66371
66384
66390
66412
66436
66444
66447
66451
66452
66457
66461
66468
66468
66476
66488
66494
66497
66518
66535
66545
66573
66576
66576
66603
66609
66626
66628
66631
66633
66651
66676
66687
66692
66699
66710
66716
66724
66725
66735
66745
66745
66757
66767
66770
66771
66774
66775
66779
66798
66802
66809
66814
66831
66844
66851
66853
66858
66862
66863
66866
66872
66873
66897
66903
66907
66920
66920
66932
66936
66941
66943
66945
66951
66976
66979
66998
67004
67033
67037
67038
67038
67048
67052
67066
67094
67122
67133
67139
67162
67169
67173
67181
67199
67209
67223
67227
67235
67248
67289
67313
67322
67368
67385
67396
67405
67446
67467
67482
67492
67495
67502
67509
67520
67526
67529
67532
67533
67548
67553
67560
67567
67572
67577
67586
67598
67598
67607
67617
67623
67630
67635
67646
67652
67661
67665
67669
67681
67688
67691
67700
67701
67711
67720
67735
67736
67744
67746
67758
67761
67764
67795
67800
67804
67814
67825
67834
67838
67850
67862
67879
67889
67893
67897
67916
67917
67936
67937
67952
67954
67966
67968
67972
67979
67986
67992
68015
68022
68035
68050
68062
68062
68062
68067
68068
68080
68081
68086
68117
68126
68170
68173
68179
68179
68211
68237
68253
68254
68258
68265
68269
68278
68292
68300
68312
68329
68353
68355
68356
68386
68392
68399
68406
68407
68420
68420
68425
68432
68448
68460
68488
68513
68520
68533
68539
68544
68559
68559
68560
68564
68567
68573
68577
68577
68591
68607
68616
68624
68626
68629
68631
68631
68632
68640
68649
68668
68689
68689
68692
68712
68716
68736
68738
68746
68750
68753
68754
68758
68771
68784
68790
68796
68805
68837
68861
68880
68885
68891
68931
68935
68956
68957
68959
68960
68960
68966
68970
68997
69020
69026
69028
69032
69034
69035
69053
69054
69070
69070
69077
69080
69085
69087
69104
69107
69114
69126
69132
69132
69140
69148
69152
69167
69186
69192
69226
69231
69242
69253
69260
69271
69273
69273
69275
69278
69279
69291
69303
69313
69316
69327
69357
69361
69378
69400
69408
69428
69429
69454
69461
69488
69489
69493
69494
69500
69517
69531
69534
69539
69542
69543
69551
69557
69557
69614
69640
69679
69680
69681
69681
69685
69687
69688
69689
69704
69713
69723
69730
69751
69757
69758
69771
69777
69777
69782
69795
69801
69815
69819
69828
69831
69832
69855
69860
69883
69902
69908
69920
69926
69933
69935
69964
69969
69977
69985
69986
69987
69993
69995
70000
70014
70027
70039
70039
70043
70075
70096
70102
70117
70143
70145
70149
70158
70167
70179
70191
70193
70204
70205
70209
70215
70222
70228
70230
70254
70264
70267
70270
70272
70283
70292
70308
70316
70319
70322
70322
70322
70323
70341
70343
70343
70345
70346
70347
70357
70360
70361
70369
70371
70387
70387
70430
70459
70460
70465
70468
70475
70537
70541
70545
70560
70568
70573
70581
70594
70600
70610
70611
70616
70704
70712
70722
70737
70740
70747
70775
70796
70814
70814
70817
70819
70821
70822
70829
70834
70843
70853
70856
70865
70866
70887
70903
70910
70911
70914
70930
70932
70941
70943
70944
70951
70956
70957
70957
70971
70975
70984
71002
71004
71014
71031
71040
71042
71053
71086
71093
71101
71107
71112
71113
71118
71127
71132
71138
71150
71157
71161
71162
71163
71169
71188
71193
71202
71207
71219
71248
71249
71255
71282
71283
71293
71297
71300
71312
71324
71337
71346
71355
71379
71386
71402
71408
71420
71447
71453
71464
71472
71486
71519
71526
71543
71546
71564
71578
71579
71587
71595
71597
71606
71610
71632
71648
71663
71666
71681
71683
71686
71690
71690
71700
71706
71720
71725
71733
71748
71748
71765
71767
71780
71784
71787
71790
71792
71796
71813
71825
71828
71831
71836
71856
71866
71882
71889
71892
71908
71908
71911
71924
71932
71950
71971
71974
71983
72036
72041
72046
72050
72064
72069
72073
72081
72112
72119
72129
72137
72139
72142
72151
72156
72163
72167
72172
72175
72197
72204
72206
72210
72212
72220
72221
72225
72238
72250
72252
72260
72277
72277
72310
72324
72330
72333
72342
72343
72347
72348
72354
72356
72357
72369
72389
72407
72408
72412
72430
72436
72448
72453
72464
72466
72485
72488
72496
72497
72499
72515
72535
72540
72575
72575
72580
72582
72583
72598
72603
72607
72608
72622
72645
72661
72672
72689
72689
72690
72693
72702
72715
72723
72732
72741
72759
72839
72853
72877
72884
72897
72912
72933
72947
72968
72977
72988
72990
73025
73031
73033
73036
73046
73048
73050
73051
73056
73058
73064
73068
73092
73103
73114
73117
73131
73156
73158
73161
73163
73163
73164
73171
73185
73193
73199
73202
73205
73205
73210
73217
73229
73236
73237
73243
73281
73298
73301
73309
73318
73346
73348
73362
73364
73371
73372
73373
73399
73399
73401
73405
73413
73422
73436
73449
73452
73463
73502
73526
73542
73545
73547
73549
73562
73570
73575
73595
73615
73637
73645
73675
73684
73709
73717
73728
73730
73744
73747
73748
73751
73777
73784
73785
73791
73812
73830
73834
73836
73861
73864
73890
73893
73918
73935
73941
73957
73970
73980
73999
74022
74044
74046
74049
74054
74055
74059
74063
74064
74068
74080
74082
74101
74103
74118
74127
74128
74142
74156
74160
74168
74169
74180
74184
74195
74231
74244
74251
74273
74273
74288
74310
74322
74329
74332
74338
74356
74363
74369
74372
74373
74377
74389
74395
74411
74414
74430
74431
74467
74467
74468
74474
74474
74475
74476
74518
74528
74555
74556
74568
74576
74582
74583
74593
74607
74613
74628
74640
74640
74648
74648
74667
74680
74685
74691
74702
74703
74706
74706
74708
74725
74733
74735
74743
74748
74753
74757
74784
74786
74800
74808
74814
74817
74842
74872
74878
74879
74883
74892
74901
74931
74973
74984
74987
74990
75001
75009
75016
75025
75027
75030
75033
75033
75045
75049
75050
75054
75083
75084
75093
75102
75110
75110
75114
75127
75133
75145
75146
75146
75147
75155
75159
75160
75166
75177
75178
75189
75203
75204
75210
75230
75241
75241
75243
75262
75264
75273
75275
75281
75287
75310
75318
75320
75327
75330
75344
75369
75374
75377
75416
75427
75440
75452
75472
75476
75487
75494
75498
75505
75508
75534
75552
75563
75580
75585
75595
75607
75609
75611
75614
75620
75624
75627
75640
75641
75644
75663
75670
75683
75717
75719
75722
75752
75762
75770
75795
75805
75846
75852
75866
75875
75876
75885
75894
75907
75912
75917
75920
75923
75925
75935
75940
75942
75943
75967
75975
75980
76012
76031
76066
76066
76071
76072
76075
76106
76107
76120
76128
76141
76154
76154
76171
76174
76177
76178
76178
76185
76221
76260
76261
76273
76276
76278
76280
76315
76345
76345
76346
76356
76360
76362
76373
76377
76377
76379
76384
76389
76405
76406
76422
76423
76425
76441
76441
76445
76449
76453
76454
76458
76472
76472
76485
76486
76490
76490
76492
76502
76532
76534
76543
76548
76557
76559
76560
76570
76580
76594
76613
76621
76623
76635
76664
76665
76667
76669
76670
76683
76684
76688
76689
76701
76703
76705
76706
76715
76727
76730
76736
76740
76752
76758
76771
76789
76791
76795
76796
76798
76824
76828
76875
76884
76884
76893
76894
76907
76907
76912
76923
76926
76931
76944
76953
76989
76990
77000
77010
77030
77032
77032
77045
77046
77048
77055
77064
77069
77097
77108
77109
77111
77112
77116
77126
77137
77138
77151
77157
77161
77182
77185
77200
77201
77211
77213
77236
77252
77262
77270
77277
77308
77310
77313
77319
77328
77337
77347
77377
77383
77397
77419
77433
77442
77452
77469
77472
77476
77487
77490
77494
77502
77504
77504
77555
77569
77571
77584
77587
77591
77611
77633
77635
77643
77661
77668
77709
77719
77724
77727
77728
77753
77754
77761
77771
77781
77781
77781
77792
77794
77794
77806
77812
77815
77816
77833
77841
77850
77860
77869
77873
77876
77884
77903
77905
77915
77917
77927
77927
77939
77944
77948
77948
77959
77975
78001
78036
78043
78051
78056
78068
78071
78102
78116
78126
78133
78148
78156
78157
78168
78197
78220
78244
78258
78260
78276
78289
78296
78300
78308
78313
78316
78333
78334
78338
78340
78345
78347
78357
78360
78395
78399
78401
78411
78422
78438
78496
78501
78503
78511
78537
78551
78606
78612
78617
78618
78635
78643
78648
78648
78661
78690
78692
78698
78700
78704
78717
78718
78736
78791
78791
78825
78834
78838
78839
78840
78841
78857
78879
78888
78928
78934
78962
78985
78988
78997
78998
79027
79032
79039
79044
79045
79068
79068
79076
79078
79098
79105
79137
79148
79167
79172
79177
79186
79191
79202
79214
79218
79222
79225
79226
79233
79238
79257
79265
79266
79269
79274
79279
79289
79310
79328
79334
79344
79356
79357
79373
79380
79386
79401
79418
79423
79449
79452
79460
79460
79469
79480
79499
79501
79503
79510
79512
79514
79534
79536
79536
79538
79542
79552
79581
79593
79593
79594
79614
79626
79672
79687
79700
79703
79726
79737
79742
79747
79748
79760
79768
79770
79782
79782
79812
79814
79834
79836
79837
79858
79869
79874
79881
79915
79919
79922
79923
79941
79984
79985
79996
80002
80012
80023
80039
80045
80064
80072
80072
80074
80074
80086
80099
80103
80108
80116
80131
80133
80138
80161
80170
80188
80190
80196
80200
80217
80226
80234
80238
80249
80264
80272
80344
80374
80391
80398
80403
80403
80407
80423
80441
80460
80466
80477
80497
80497
80519
80520
80521
80530
80532
80542
80570
80575
80598
80603
80635
80636
80646
80656
80663
80665
80685
80692
80694
80714
80747
80770
80774
80774
80778
80780
80788
80790
80791
80799
80804
80814
80842
80845
80870
80886
80925
80925
80938
80940
80942
80948
80961
80970
80970
80981
80987
81002
81016
81033
81041
81049
81053
81067
81075
81103
81128
81132
81154
81155
81157
81174
81183
81190
81215
81231
81247
81264
81274
81293
81301
81309
81313
81315
81326
81341
81375
81387
81389
81402
81411
81412
81420
81423
81432
81452
81462
81499
81518
81518
81519
81531
81562
81567
81571
81572
81574
81575
81577
81608
81620
81640
81664
81665
81683
81689
81717
81733
81753
81755
81765
81814
81836
81853
81862
81865
81886
81889
81897
81898
81921
81931
81939
81946
81950
81986
81988
81999
82000
82007
82021
82031
82038
82038
82046
82068
82087
82090
82112
82112
82114
82117
82130
82139
82139
82150
82172
82180
82182
82232
82250
82263
82273
82293
82300
82307
82311
82325
82328
82345
82345
82355
82363
82366
82389
82396
82444
82461
82479
82519
82536
82543
82547
82567
82573
82586
82594
82596
82615
82619
82626
82638
82642
82645
82649
82659
82661
82663
82668
82675
82677
82683
82692
82697
82717
82724
82733
82734
82742
82746
82775
82776
82778
82780
82810
82820
82828
82831
82835
82837
82857
82866
82884
82901
82908
82925
82942
82951
82967
82979
82993
83004
83009
83029
83031
83033
83040
83063
83072
83090
83096
83102
83108
83108
83129
83136
83160
83163
83180
83181
83185
83189
83194
83208
83209
83210
83222
83242
83259
83260
83271
83285
83303
83308
83310
83327
83329
83336
83359
83364
83365
83373
83386
83406
83409
83422
83437
83457
83486
83501
83501
83504
83506
83512
83547
83571
83577
83591
83594
83596
83598
83600
83600
83601
83638
83651
83663
83683
83688
83697
83728
83732
83732
83751
83752
83769
83769
83772
83782
83797
83801
83811
83828
83846
83856
83856
83868
83895
83903
83903
83918
83933
83943
83966
83969
83978
83983
83994
83994
84005
84024
84026
84026
84044
84046
84050
84070
84074
84075
84076
84091
84096
84104
84107
84116
84123
84131
84135
84144
84158
84161
84162
84176
84197
84201
84202
84203
84209
84210
84213
84223
84255
84256
84268
84287
84290
84291
84291
84302
84315
84327
84330
84332
84340
84364
84382
84396
84413
84428
84448
84458
84460
84479
84484
84485
84488
84492
84495
84510
84513
84526
84527
84547
84552
84557
84558
84575
84624
84633
84654
84656
84659
84709
84727
84736
84742
84749
84784
84799
84828
84829
84831
84864
84867
84870
84886
84902
84920
84931
84950
84954
84957
84973
84979
84983
84984
84985
84987
84989
84999
85002
85022
85023
85024
85044
85107
85126
85133
85138
85138
85171
85207
85221
85221
85221
85225
85228
85228
85230
85235
85238
85240
85252
85254
85257
85259
85262
85285
85286
85288
85300
85309
85314
85321
85340
85351
85356
85378
85381
85390
85392
85396
85400
85427
85467
85483
85492
85498
85517
85517
85524
85529
85532
85549
85554
85578
85583
85584
85598
85609
85611
85612
85626
85631
85643
85654
85665
85667
85675
85681
85690
85691
85694
85718
85718
85721
85765
85773
85775
85776
85780
85780
85795
85808
85818
85821
85875
85886
85886
85886
85897
85902
85902
85908
85928
85939
85984
85989
86021
86046
86053
86063
86084
86084
86097
86101
86101
86102
86126
86174
86183
86206
86213
86218
86223
86232
86233
86245
86249
86251
86270
86270
86276
86279
86289
86307
86311
86313
86322
86345
86360
86368
86374
86389
86403
86403
86417
86417
86455
86457
86473
86476
86489
86492
86502
86507
86508
86513
86524
86535
86540
86543
86545
86547
86553
86566
86566
86569
86582
86599
86605
86633
86680
86715
86725
86729
86748
86750
86780
86789
86790
86802
86823
86829
86873
86886
86891
86912
86917
86936
86939
86939
86943
86952
86965
86967
86969
86971
87008
87010
87014
87015
87018
87021
87025
87030
87039
87083
87102
87131
87134
87140
87148
87175
87177
87189
87194
87202
87220
87263
87299
87301
87307
87310
87317
87338
87339
87362
87364
87369
87370
87375
87382
87384
87385
87402
87405
87412
87428
87434
87452
87453
87469
87481
87483
87491
87496
87496
87498
87525
87540
87545
87551
87561
87570
87574
87576
87592
87608
87609
87609
87609
87619
87641
87649
87654
87656
87666
87683
87687
87689
87705
87728
87742
87744
87754
87756
87757
87758
87780
87788
87798
87798
87811
87825
87832
87859
87862
87871
87936
87938
87947
87948
87956
87962
87989
87996
87997
88007
88024
88032
88054
88056
88061
88064
88071
88085
88091
88097
88108
88112
88118
88121
88127
88127
88139
88139
88163
88180
88182
88187
88191
88194
88205
88220
88241
88242
88247
88249
88287
88289
88299
88304
88305
88333
88357
88374
88378
88384
88389
88399
88430
88436
88438
88456
88461
88471
88493
88519
88541
88542
88546
88548
88550
88560
88571
88575
88577
88604
88615
88616
88625
88627
88627
88674
88681
88686
88695
88702
88702
88711
88731
88749
88767
88770
88772
88788
88799
88808
88814
88819
88823
88835
88854
88859
88864
88865
88879
88892
88897
88903
88918
88927
88937
88956
88987
88989
89029
89030
89035
89052
89055
89068
89083
89087
89142
89146
89161
89161
89165
89175
89175
89222
89222
89228
89238
89249
89251
89255
89258
89279
89279
89283
89285
89286
89313
89318
89325
89352
89366
89366
89373
89375
89393
89396
89417
89464
89469
89470
89475
89486
89492
89516
89522
89527
89530
89570
89570
89598
89602
89609
89613
89625
89625
89628
89633
89635
89638
89652
89653
89662
89665
89721
89729
89745
89749
89750
89757
89761
89770
89804
89806
89811
89861
89870
89879
89880
89901
89901
89912
89931
89936
89940
89961
89962
89974
89998
90002
90014
90018
90035
90038
90047
90063
90076
90080
90104
90107
90117
90120
90122
90149
90154
90159
90167
90176
90177
90183
90183
90211
90219
90227
90250
90250
90252
90255
90257
90274
90283
90284
90291
90293
90305
90307
90307
90326
90326
90335
90336
90344
90348
90373
90423
90424
90428
90433
90443
90449
90457
90457
90476
90479
90506
90522
90533
90538
90540
90554
90554
90574
90579
90584
90588
90589
90616
90647
90676
90676
90779
90783
90795
90800
90802
90804
90821
90838
90846
90871
90878
90883
90884
90905
90906
90911
90920
90924
90938
90966
90974
90984
90994
90997
90999
91035
91043
91096
91099
91136
91146
91148
91162
91163
91169
91169
91173
91191
91204
91212
91216
91224
91228
91231
91244
91261
91298
91312
91314
91318
91330
91334
91340
91340
91344
91344
91351
91352
91373
91391
91403
91428
91452
91463
91464
91489
91496
91506
91509
91550
91560
91563
91570
91591
91597
91631
91647
91653
91654
91668
91674
91682
91682
91689
91690
91695
91700
91702
91704
91750
91755
91779
91783
91791
91794
91804
91807
91832
91835
91845
91846
91855
91857
91868
91875
91891
91896
91899
91903
91908
91929
91940
91980
91984
91995
92004
92013
92014
92019
92028
92052
92060
92075
92078
92086
92096
92097
92106
92109
92130
92138
92158
92174
92186
92197
92213
92214
92221
92237
92258
92260
92264
92267
92284
92334
92335
92344
92361
92368
92396
92398
92405
92406
92436
92437
92447
92456
92456
92457
92467
92468
92468
92492
92498
92505
92533
92535
92550
92566
92567
92624
92632
92638
92642
92654
92654
92658
92665
92681
92693
92694
92694
92696
92704
92709
92713
92719
92727
92727
92731
92740
92747
92748
92751
92751
92754
92759
92761
92775
92775
92776
92782
92792
92830
92832
92834
92838
92850
92856
92870
92887
92887
92888
92892
92893
92904
92905
92905
92910
92934
92947
92950
92980
92993
92994
92995
93016
93026
93026
93040
93043
93056
93071
93088
93093
93093
93103
93104
93104
93120
93123
93135
93136
93146
93152
93156
93162
93182
93194
93211
93227
93243
93250
93257
93283
93303
93319
93322
93323
93323
93326
93329
93333
93333
93353
93355
93374
93382
93383
93390
93396
93403
93403
93415
93434
93453
93454
93465
93480
93485
93504
93508
93515
93521
93527
93529
93552
93580
93581
93584
93586
93590
93608
93628
93635
93637
93638
93663
93667
93697
93704
93742
93744
93769
93774
93774
93809
93815
93822
93835
93843
93845
93845
93866
93885
93889
93894
93897
93920
93948
93963
93964
93965
93968
94003
94013
94013
94020
94025
94027
94039
94057
94072
94084
94100
94108
94122
94128
94130
94134
94136
94137
94150
94166
94170
94185
94185
94196
94214
94221
94222
94222
94258
94277
94300
94305
94323
94333
94334
94341
94341
94342
94353
94378
94401
94403
94407
94416
94416
94424
94433
94455
94460
94490
94494
94496
94505
94506
94508
94518
94525
94541
94542
94546
94578
94650
94652
94663
94667
94669
94671
94689
94742
94749
94757
94761
94766
94808
94811
94828
94829
94832
94864
94865
94903
94910
94920
94922
94940
94941
94953
94956
94959
94970
94971
94972
94976
94989
94999
95012
95014
95036
95054
95087
95089
95101
95118
95120
95125
95127
95133
95159
95161
95166
95173
95174
95178
95190
95199
95202
95205
95212
95222
95226
95262
95268
95270
95285
95289
95291
95298
95306
95325
95330
95344
95350
95377
95400
95425
95434
95437
95457
95471
95472
95475
95483
95504
95504
95512
95522
95524
95537
95548
95552
95559
95565
95565
95566
95568
95614
95617
95619
95621
95622
95632
95644
95645
95646
95663
95669
95680
95699
95701
95729
95729
95797
95817
95836
95859
95868
95869
95883
95897
95898
95899
95906
95906
95918
95931
95932
95935
95968
95970
95987
95988
96009
96014
96019
96022
96046
96068
96071
96105
96105
96112
96131
96133
96135
96190
96195
96233
96241
96243
96255
96261
96272
96294
96307
96321
96332
96334
96343
96346
96347
96349
96350
96351
96361
96365
96366
96374
96384
96388
96393
96419
96427
96440
96443
96487
96505
96507
96509
96518
96521
96553
96562
96564
96567
96570
96570
96570
96571
96584
96585
96597
96606
96616
96618
96620
96621
96634
96636
96657
96660
96671
96677
96678
96691
96713
96724
96726
96737
96747
96749
96757
96774
96779
96785
96793
96799
96806
96810
96814
96820
96820
96832
96852
96860
96860
96865
96900
96907
96910
96917
96926
96933
96943
96947
96948
96949
96975
96981
97000
97006
97023
97029
97057
97065
97067
97068
97088
97106
97110
97141
97143
97148
97171
97178
97225
97228
97233
97238
97246
97252
97255
97267
97267
97273
97289
97292
97308
97315
97318
97322
97325
97334
97337
97341
97343
97350
97350
97351
97361
97374
97382
97411
97414
97418
97427
97450
97456
97456
97458
97463
97468
97484
97486
97492
97512
97513
97516
97519
97520
97522
97524
97531
97531
97536
97553
97564
97581
97598
97614
97631
97632
97646
97646
97661
97664
97666
97667
97668
97669
97683
97690
97695
97698
97713
97719
97728
97752
97754
97755
97765
97769
97778
97785
97789
97801
97820
97821
97824
97827
97831
97851
97887
97891
97893
97902
97911
97913
97921
97924
97928
97932
97939
97957
97990
97996
97999
97999
98000
98000
98002
98005
98019
98028
98029
98040
98048
98078
98082
98117
98122
98126
98156
98168
98179
98179
98189
98189
98191
98197
98198
98202
98214
98227
98240
98248
98293
98319
98328
98347
98356
98360
98364
98372
98373
98378
98385
98387
98392
98410
98420
98434
98435
98440
98471
98473
98473
98473
98480
98484
98497
98497
98501
98509
98510
98521
98531
98535
98535
98539
98546
98549
98551
98556
98573
98573
98584
98589
98591
98594
98631
98664
98736
98738
98743
98757
98761
98764
98765
98766
98777
98810
98815
98830
98834
98863
98869
98883
98887
98888
98894
98914
98928
98928
98929
98933
98954
98960
98977
98977
99002
99015
99057
99073
99074
99091
99096
99101
99102
99122
99135
99144
99179
99186
99188
99195
99208
99222
99226
99234
99238
99251
99264
99277
99296
99324
99333
99333
99343
99349
99357
99361
99376
99384
99390
99398
99414
99417
99421
99441
99459
99476
99486
99525
99534
99543
99546
99547
99557
99577
99582
99585
99587
99598
99605
99609
99619
99632
99652
99659
99669
99673
99675
99676
99678
99683
99692
99695
99717
99719
99724
99727
99730
99758
99761
99761
99775
99777
99785
99786
99807
99814
99833
99859
99859
99900
99906
99910
99921
99930
99947
99953
99956
99958
99965
99970
99977
99978
99992
99998
100000
