3401
89410
8688
20287
92551
58413
5832
52688
79258
71662
74763
29433
82028
88194
4256
38433
47417
1521
89410
1906
57508
91460
52813
83006
49405
2704
9019
3649
63271
35891
49258
56371
98078
80500
8560
39920
63556
85110
37877
72389
83907
31575
11143
84760
70426
88121
68934
99731
92390
93549
89550
71386
52311
35099
55107
63196
50717
51762
71088
17433
99829
34942
29979
14748
87389
79726
90447
1193
71948
1876
21791
73721
66753
93451
92418
97342
49852
94907
50541
85645
32321
7084
77245
13097
69463
22800
86594
4333
900
56397
49501
33435
71601
38761
56983
54845
55898
87962
82129
15200
48213
42361
25758
54404
63584
93082
76796
77260
75561
25961
78014
20104
13995
20580
46885
6078
39366
61173
1821
78409
91613
34332
5188
68256
32801
36747
52413
76738
21469
68312
91568
48794
27720
38333
77612
33666
23841
11407
99329
81992
22943
56170
9813
663
44999
78041
48172
46474
25645
44817
66
17653
54811
76435
39866
70422
72326
28775
19101
58894
4540
85693
722
64021
39830
48855
95429
69969
18375
12790
9762
50160
31260
33935
57475
16943
58408
92676
1007
49386
30277
4484
80793
3274
59978
49151
80773
42259
45164
19551
23478
83558
54979
73530
56805
98585
30184
85179
77120
5013
91298
85361
53102
27630
89115
45935
45387
19324
54189
88612
15911
44188
92330
87927
85612
50733
88551
92455
12287
30039
84932
11193
48970
20279
52459
71527
38588
74229
11994
82947
79585
21259
60392
99493
16369
57811
12206
39322
8401
84666
2065
96815
21830
19654
48508
40219
20106
92979
66598
68893
60000
96395
51769
46379
12200
52684
27751
31701
83947
46340
89581
86895
83980
26034
54754
33169
77999
13465
55285
96950
24007
66924
18837
47654
40689
87566
89090
79322
29882
10504
9401
43070
62479
57716
36762
56588
4936
64461
49448
22875
28238
72903
73779
6171
55091
56543
61877
28925
62464
16727
50859
33750
16167
59382
53111
81558
90000
61697
54040
77632
56271
18113
1385
10110
79829
91558
89567
92676
87100
47212
54051
75711
47142
33765
75147
88869
9093
54807
29571
78236
51861
22318
88596
92603
28923
28434
68286
9694
28464
63097
14703
68971
85601
57575
40433
54991
997
57300
17864
91616
47654
79577
53708
56088
34124
63784
79864
7888
26595
46809
73709
1308
54263
73658
54965
18906
21737
61815
72322
21018
24884
10250
82019
75114
30949
83712
5402
46013
34881
71570
91551
10739
42557
76185
3779
68206
80601
80717
43527
74400
68786
21073
24509
68124
22424
89161
67487
1392
61688
84933
52330
93431
19578
1658
68024
25726
96861
9463
11713
50425
19660
78165
66675
75302
59431
48248
37817
75898
97076
34327
33006
38915
26085
26788
47315
82781
13132
49968
53479
2570
3196
26611
34723
70539
53763
69982
2800
96470
64005
12257
94712
2119
57119
61853
79860
98304
81155
38926
62477
81212
42136
46949
74811
62343
27073
56716
43843
52660
51823
35025
11620
48212
77751
19899
18611
39817
42506
74607
75740
6461
5552
38836
72209
89526
92126
62341
68534
17318
80874
33877
34791
95554
77587
73824
95091
87766
30513
30507
5970
82093
33286
31485
59932
18134
96951
10597
93290
65129
12605
64598
20533
79875
59964
79275
92943
32376
44949
70805
66858
68530
34054
68463
1138
22202
7809
22031
32420
66355
44041
22590
70594
77390
79469
80171
19554
86406
58594
48722
35796
64392
71542
33262
99715
27427
10329
26651
54996
58607
47258
15033
76056
1026
22950
41331
50025
22578
41221
76989
36672
44753
529
36482
96212
82605
6615
9996
14661
45637
55309
30487
21240
11428
72194
81870
38040
80247
98343
53489
73302
77848
72532
67224
7230
63546
74119
73742
85249
5823
69666
43451
38677
79476
24909
86470
58705
43147
46294
11567
18861
92426
73098
61609
21622
13582
28963
95398
24682
22998
93834
23700
21876
34181
59369
77917
46749
39982
20784
96918
85735
29112
55454
33764
97626
42076
22051
6636
75031
29574
60617
88547
71499
14529
65176
28889
93944
73923
51412
63053
18225
58024
21840
75482
63351
20339
65199
84562
44715
25010
79771
60171
70138
63054
2510
26571
80040
87614
17424
65932
19584
70868
97010
48249
96613
29535
4141
69733
52826
94041
79847
91763
86203
50046
49819
24480
15288
44606
58487
3821
3889
58562
7140
23149
93872
64402
88375
69477
75260
1697
9494
60911
57342
29969
64532
81163
86055
4441
37426
78685
65850
24017
56626
29069
11442
54716
17781
39676
57945
70953
11976
25508
84765
5839
63614
24326
88228
64813
53943
21148
34285
67796
25932
50148
35134
82931
5842
24404
52032
96158
95710
42555
96656
67946
8368
22921
2138
73902
85936
54905
43495
79912
95352
17494
49771
43379
69244
89677
10468
98180
15006
65086
4300
56360
11676
75596
81036
89574
92786
24544
84517
68672
20323
67297
27791
14867
45217
32721
13601
22834
60601
3297
84544
79381
85171
31727
18030
45079
40176
97980
81989
53397
65712
76000
69159
3107
81751
27218
42102
87937
62765
18419
63207
84359
12385
29729
12204
28439
92584
50252
16831
80837
11259
49251
47868
75838
36549
58767
31527
83432
64417
45486
11483
9355
31034
82325
81062
54390
38978
91008
867
19324
79444
55680
20024
36062
84721
57357
99657
64256
10776
53238
5993
42144
88119
24921
82707
92724
7456
51210
71730
236
34726
79600
30096
17140
29941
27593
12404
38591
54086
34795
80088
26960
70094
70518
85981
35842
27449
60833
84360
50930
40928
59341
41874
78918
74972
95166
65954
35373
75017
58916
89320
5394
77088
88883
44488
35559
51115
82548
63242
90626
15684
75646
29796
54835
32860
46243
35591
65266
14122
28600
76216
82102
50063
41279
59085
1243
60657
61434
89910
62305
73274
66405
85408
37876
16666
71904
65815
39413
63740
72962
60053
88473
26998
37316
30522
87748
47684
98738
50191
21676
35565
73907
78595
1260
18618
86863
86514
30410
29599
62150
11623
95263
85278
48528
18213
5825
51012
91608
43024
48940
79626
34848
1309
24602
41917
12502
53694
53047
27715
30655
63373
24446
45451
5214
52902
41793
95993
4633
20650
72378
3306
40642
35864
7658
71
86131
49380
67450
24180
27580
10045
71705
97887
29408
75266
4321
47680
30170
74911
6731
54471
58825
58015
22836
89971
26023
71913
67339
37836
69916
66689
71899
60079
27028
74481
7713
27605
84649
55611
21877
24767
50042
24692
89444
77657
66079
61692
42195
78569
26235
