40921
19057
75667
38595
568
23194
63085
43711
36038
45539
49908
21679
65348
89005
3045
32304
81155
76640
81134
38469
29161
13962
95883
15616
39376
47886
74681
56805
30381
93181
89208
96527
88839
4168
39289
2024
16229
18436
4839
70997
87613
69633
27883
41385
31051
56922
90074
41647
57425
12791
1829
60665
79963
52100
53956
32005
39061
4479
39764
6416
53842
48125
44560
5430
9422
63626
71238
53473
4281
3725
77661
61080
20051
93678
35694
45053
47624
58806
37018
59279
56498
33124
17402
1460
54521
23764
47178
52916
79605
84738
61812
40502
426
18325
81508
92793
90956
5382
76154
71860
