27326
95046
78162
72340
99870
62548
81359
75448
44832
74760
37107
11080
68942
61538
68201
94820
37883
71843
26703
31660
99813
80485
82232
71332
53140
49277
8798
71553
67245
23932
45628
71281
30721
49153
48752
11924
85142
14050
76068
43377
62282
84128
61418
13232
7417
74044
46172
55405
51981
52966
20789
43169
55296
90231
96788
17749
47435
83136
84024
90122
26662
35475
60595
99662
17160
60772
28263
43364
34620
90924
6916
79037
2209
8411
72126
68919
1057
52915
65699
92872
18380
25601
58651
45758
24180
12050
81189
8431
24102
26988
82808
20346
94257
67851
75418
16472
88134
74344
47375
4452
33707
50172
31350
8015
5288
92106
14014
76822
17057
73890
83494
23789
98071
16733
97850
99792
54184
10364
17052
95446
16242
90711
94453
450
4001
33854
55868
96646
34799
78389
68370
83413
17227
3877
35253
86684
31165
52473
25832
5371
8879
46251
63494
91175
2769
46709
59964
29843
64483
11920
83941
22854
44145
76334
76214
55966
23801
61989
26872
55004
6588
19441
46757
89900
41639
2015
28952
66489
79111
41150
64173
70942
86643
58674
1533
11875
97868
66435
13374
77891
39502
66285
25668
4737
25195
28569
12718
71725
82459
26131
30559
79553
81811
65951
59314
17102
92633
11746
45013
87127
36925
1353
36590
19961
99361
6447
65951
47008
27701
96392
11747
59884
62445
18940
65757
82987
23841
27523
82382
58343
86272
97882
33667
77756
21152
1618
12420
57317
41162
47041
4352
39193
85451
37051
88795
94319
74522
46640
77029
64343
60290
91197
4815
75744
38887
10722
36299
58696
7897
32518
38149
11268
31752
46725
35162
63021
52577
85626
37423
67228
99912
11305
18600
51490
59944
62815
51663
98421
50403
60303
15377
60327
64139
47795
74234
53736
64959
79847
62549
30171
53374
71615
15549
91319
22353
49070
64027
53458
66018
88644
62979
13786
25664
74188
16149
72519
85416
96007
84197
40356
22718
92995
90715
93477
49244
95498
59494
8496
56907
62699
70717
37322
39380
83976
87960
16051
61500
95516
77575
98044
94801
5934
7025
91550
78818
79080
83009
29922
76337
98494
50538
66707
16336
45187
68458
73428
66424
9856
48711
76784
18473
78253
36908
44394
51402
46038
54234
47218
7337
84219
87292
18930
99561
89039
42011
92706
66539
98929
62132
10825
92438
12367
97193
47721
10005
77444
66261
20826
11170
74603
82972
29747
36932
12853
18089
47606
34993
57966
53657
76173
49408
22927
17316
11238
70388
75756
47680
29937
37973
28895
17654
47022
34799
25571
16870
64228
37886
72873
69569
1859
52136
15078
22526
78311
59129
96184
90288
42618
4031
13525
92099
29070
85590
31443
18120
44376
15930
69375
70402
51136
61303
42101
60207
93150
36568
33252
93298
80854
78559
64952
49534
75725
53501
52145
82684
6582
39374
62893
48391
51091
76157
6727
93140
17910
18965
12583
18546
76375
66409
89468
37113
14212
82940
86848
99678
5443
18372
6925
18857
25237
75833
89692
54814
6896
56873
28067
36170
17778
29384
22132
12410
49734
99438
23870
82590
54250
33393
19411
62835
89405
83568
61585
15821
79026
95499
89822
92475
47392
8971
89520
15400
11441
32447
10365
10128
72154
44617
38164
8328
14775
56532
84389
38665
48066
98624
77167
6798
48308
60014
6657
52200
1025
71468
90772
41268
32673
45342
55639
51775
32202
6355
76827
81482
60602
88258
19423
77232
22148
6028
16025
37624
50849
2340
87875
68802
51936
23187
58792
36739
95785
95152
37864
96699
49252
45782
28605
7759
26963
11614
33722
21358
13492
6770
12254
27219
23705
92101
80725
21205
67859
15222
16034
96560
30363
61349
68948
81341
62955
79619
38072
88844
92205
56725
7871
77576
39775
84119
39383
87693
30840
58253
63754
11221
90896
92430
68939
77464
29674
34073
29906
60776
19827
88343
65040
55665
10878
63838
31912
63263
91078
20558
71650
39039
34935
22114
89111
57665
56437
57761
97209
98200
85522
16022
68371
89655
1125
5560
30224
7302
39133
95813
31958
26002
28262
92639
13319
15592
98257
22358
26317
54381
205
43590
68088
80859
79518
87339
44533
24929
27536
31545
47471
16549
93321
12378
52998
44239
95535
20154
130
74622
1729
42338
39545
46557
87196
23136
91814
8774
99550
74426
54340
54816
73861
63774
51089
41542
7815
10384
61847
89087
11921
18864
66004
36703
74073
58554
72740
89444
99154
47995
73069
2727
50380
12341
15787
46732
56755
60738
46748
27465
87883
12309
67670
26868
45381
2223
91849
15198
11678
71180
89227
72459
39648
37787
58080
67190
34984
40865
20383
46793
99799
46132
29664
60738
46355
32545
92321
40826
10102
56302
44610
61862
95755
51108
17812
340
40766
71993
63955
48390
92145
90788
90033
2065
1617
54529
13206
67393
79113
61262
13367
37684
10873
76161
48667
72902
13561
82820
6820
14414
68052
10830
75421
89786
307
63447
91619
53087
76482
60264
23099
68254
81269
27438
43768
56052
75336
53644
10474
1114
60517
52493
37898
22198
29369
13157
23714
49493
20192
22455
13410
16888
56485
68472
69384
23107
76567
94254
47142
43238
88651
74738
42841
37773
91921
44762
85032
17836
39523
23352
13102
72754
90218
10668
25005
87897
49177
85922
33852
57289
37670
55091
95563
26631
36128
10172
36397
8926
52255
46756
80798
63435
15316
73664
96315
38119
41777
96799
63315
41779
38023
41817
36532
15862
19644
45649
13620
36673
44319
9496
94484
72539
76434
75126
7810
28272
14137
84408
23980
32925
86819
68091
36439
59317
74402
57493
75231
5077
82152
16011
73872
17758
60353
18776
39835
90051
57387
61542
71889
14144
49889
20214
81998
86698
44745
8971
32616
7669
70261
15607
16282
62398
20537
17393
21067
86862
46834
96402
87732
81528
31086
28512
50944
82596
15977
69727
20936
96225
96680
6901
61719
56165
60486
57082
60237
81466
35153
82428
80871
61039
10732
22243
85369
24164
81322
71797
9215
36067
20894
36289
18008
29197
17908
33096
89201
31006
73155
73187
93021
2775
17699
95134
52204
47055
2698
2644
48270
42602
41231
90233
71614
5464
10048
44123
90199
40657
10304
97297
72915
36039
30705
90070
69683
24284
12234
74522
88737
12044
87755
24364
26794
46189
25829
34343
81700
49655
10169
70368
96666
50828
98686
45935
14728
55669
71265
19895
7582
3364
18370
13730
83308
27146
35147
30367
70655
82587
56712
2313
66579
54119
23720
91406
7582
38266
53009
48786
59264
93917
82963
75872
78103
29426
10185
18041
65618
94121
10279
71863
57989
55721
97239
70397
813
71085
52999
77159
98244
9519
73342
26141
22183
99542
4062
29000
24791
79050
28156
3750
30366
96343
81120
20026
41928
28666
4250
75656
39823
50979
15754
79568
66987
81955
25006
38997
42139
26742
19869
41441
38361
56360
13748
37393
17076
6687
58533
19109
77362
70017
48251
8999
17451
76627
72214
98834
38358
10864
73577
99893
95351
59349
54312
18897
5395
96261
63233
92967
28149
80716
26285
1025
72489
39633
66948
11878
45434
28981
80408
85603
37782
59893
19571
93823
16105
21276
52177
39165
2750
65486
87300
59677
87426
45986
28144
10629
4166
95361
88281
19484
3732
29659
79227
96133
15077
38409
1451
89858
75757
89738
67144
38787
20574
13139
22983
1632
11414
17036
85022
77794
22556
4736
50622
66438
60255
3070
89130
28292
45167
39477
83538
65486
77576
29914
48580
85225
72421
10782
7767
95207
92212
34197
8275
64176
31454
72187
88956
90735
60514
38196
47705
85653
67115
82761
14329
90308
30156
77418
13297
95687
9750
30415
94168
81457
77953
49191
98827
31656
68635
96831
37213
30443
62906
30438
86293
6608
70215
81218
26014
82463
23846
20375
99157
13316
66841
4334
63465
73974
49988
60302
62140
14752
26710
1048
8461
54503
43412
9445
16161
80743
87519
39109
4971
67361
92019
2490
45723
33325
25239
14919
47333
17521
84056
87701
84637
19468
95123
74221
18838
69538
86433
87373
54731
25622
82224
29447
75796
48158
45612
93738
50956
3227
2666
82540
4835
95897
33889
46690
62044
18629
75383
48856
89534
83403
65293
32401
68905
90660
4715
23096
23985
10698
24302
64360
46690
48861
77603
84202
11071
33946
28339
80246
85156
59356
70758
74392
62717
71733
80724
99230
23712
16413
20332
38009
19780
42734
22061
2609
14100
93696
15601
92831
76189
15560
22640
61959
3691
60329
14501
77571
64968
88210
90172
75905
74177
85892
79167
20154
9101
35514
22584
35427
17183
73773
77807
72831
84054
34308
92895
73416
14802
11986
56621
82922
10637
93176
73204
19425
1993
85861
57761
92559
65791
13168
23749
46094
45043
20249
57828
99472
51091
44916
62638
81946
53139
65063
84629
70077
49028
63787
38480
23366
47164
61572
72577
13034
746
22282
12777
33920
83896
38532
46900
2087
8644
85441
16985
66411
32087
84529
22469
22982
69407
70550
91608
61267
6725
82519
79595
76216
19800
6493
72500
59788
16029
71257
69089
69619
54113
77269
30955
65587
20548
8424
75877
15650
86585
48534
89926
71452
49876
29175
64884
62092
29538
54267
22555
85401
44549
34355
97194
95161
61731
38599
71562
98661
77861
66811
96316
47062
16358
39255
76752
69038
72028
61059
48323
81522
56156
28121
36280
47106
72857
21927
27426
82156
53382
52104
243
61318
72437
80165
36325
89560
68489
36417
43012
53637
38639
77523
11295
58009
95333
32256
98806
1222
38240
22412
59973
7767
59210
54838
28168
1777
58276
50525
2470
4443
30645
38419
39777
61634
8822
31270
4494
54189
92593
91878
81881
57042
78089
84851
90419
60146
50872
62860
6029
21031
43567
54739
25329
1937
69998
41363
79590
9506
77033
98522
69145
28365
75567
59839
32530
36744
80088
49251
67081
84523
86758
45689
82315
8133
58791
18856
27446
94492
42577
55439
11674
20246
58677
92255
89006
15917
92666
67121
83469
48751
40455
6405
98216
10100
91701
64557
69861
73284
47914
45861
17324
50197
72748
46840
25850
56521
73803
58441
47007
18155
63384
98332
80502
84107
5090
48521
11961
15314
56277
63205
76099
22170
88989
99080
94364
33853
10630
46885
24003
41961
38539
91710
41250
97989
14113
5547
85595
95112
99406
12671
46896
47716
53702
46871
14861
4754
42253
17238
36020
14056
51344
7320
59032
54211
72309
3248
41591
37974
1536
12336
46005
69329
27814
72635
10340
24953
6338
37942
76084
91523
49722
8436
51472
89487
10961
90813
32795
14056
68705
74562
15019
91978
68870
93253
1029
14848
29699
88970
14905
54788
25916
60469
41916
68568
94204
52027
80449
90947
21444
23394
9123
71903
64163
38297
45252
51322
70063
85441
50482
71958
56100
29702
77624
58357
75908
34987
402
40741
96671
28564
43184
68797
40535
43322
62143
20842
78911
57826
30013
15162
89988
75044
81568
27166
16040
19843
54157
81825
35162
37895
22565
73677
78037
2817
96808
28041
34348
90273
88384
48665
63200
53151
16723
20414
85241
48364
87170
48010
12499
26026
87151
43410
77840
92212
15897
75905
74169
74567
59197
33509
77336
90729
74144
76976
34944
5591
16803
73234
15985
59846
57798
89292
69073
56369
40199
24689
10863
58031
62086
78555
6111
20601
88929
3397
18418
87691
71891
70589
75278
23853
36953
22639
61192
72517
81855
69258
19715
4757
42638
43088
87230
64235
72173
52773
13662
21017
19213
81375
32881
64324
76911
37786
5296
90054
10771
99284
58602
36711
68715
18450
87305
47846
30101
59057
44080
82362
67526
70477
81384
15122
89186
62197
6295
98631
50059
46138
2627
29269
33861
686
64707
55412
80708
4094
9888
44442
71723
30553
58717
1885
17714
81452
27723
73877
80394
76888
60154
18925
1042
82646
81595
23299
64943
15235
27462
9888
12014
47983
19910
96781
96230
94589
91559
1696
76519
25256
57739
8289
86501
91732
44019
1483
28155
84167
34716
30177
79761
85530
31491
10584
3228
29121
4031
14767
50092
72542
75134
82395
42307
59338
16380
63658
54767
60971
20543
65742
6309
25764
92629
27581
72207
43456
49606
81253
22020
60934
43214
29527
53640
21017
6150
39460
91135
77519
4273
27524
54340
73982
45624
46423
23039
22928
1066
2053
86866
3894
18
68234
907
97283
10591
18731
23762
22916
3496
25909
46648
55573
81320
1753
46294
52260
3432
44030
30425
55766
42038
45927
20424
92573
41697
20852
57939
13663
80449
29115
80754
95378
16887
23950
1525
9065
61888
75184
26244
90908
65833
87251
61025
48535
72790
93721
1192
58779
56387
61770
43335
29867
87050
7640
87366
87229
67600
51899
28287
3924
10070
78039
89506
71187
39293
42476
43203
7508
28322
88199
91208
63060
43492
27726
93765
66244
66187
53895
41755
25680
41350
92667
5302
43399
92305
5016
56054
35966
48034
1062
78120
25563
60133
93391
25755
89163
32678
13333
27423
33985
11729
63506
93797
50274
5409
77126
70455
49831
60647
39048
71808
23652
28811
30473
99216
44992
5816
73767
5717
91904
55738
85035
62612
69297
67866
39077
46894
73878
39157
51067
98655
57594
81502
20421
85871
20880
56132
32666
3519
85844
64508
25758
30232
82996
67134
33122
18727
18688
1293
67543
94302
11732
8130
78723
15755
88213
30802
84088
60176
56513
9014
28861
45251
97836
25991
44056
71711
36199
97832
14991
25921
50928
8299
76895
34666
78364
88156
23509
73464
34111
64408
36713
36608
54473
76489
96826
1014
15971
15712
30840
81863
37026
46437
29209
13855
46855
20122
82407
46985
79369
41910
2605
94669
39447
21268
57813
64468
88903
41044
39286
58818
12888
93038
88378
46300
52832
4139
20660
22491
7131
89759
46244
7194
42328
26542
43682
45938
33424
92625
65282
82503
40312
71350
25412
68579
65565
31452
91679
45413
52562
12436
31320
82502
22322
92043
4339
55769
17232
13653
98221
29285
40926
71176
83533
90446
85569
10315
96295
81649
17406
6147
76602
4605
72586
44099
48086
68278
63390
1287
77917
52777
90154
50483
79666
50714
82180
45129
68388
39815
26103
8048
70947
42866
79214
29151
53938
11737
21932
3439
90098
60271
84966
67300
34705
94121
9262
43129
35187
92600
1977
67650
52573
72546
48869
35342
49246
80374
3176
67177
99391
61243
96511
30494
17285
1572
95282
18223
64513
61103
91887
52289
26570
59442
71703
99230
65098
85408
33238
52266
26215
7794
4379
44919
7582
93737
43692
48025
73208
13612
65314
1137
83043
59499
89639
11990
58206
21196
42639
74974
36633
32570
48702
61960
95377
45454
90897
32990
93608
39065
85790
12047
29587
17046
93056
58655
72241
10864
54048
95283
50134
72148
26800
37490
80556
21011
23225
64610
90082
91803
28831
13386
51970
43732
34624
47354
48601
41871
58056
29842
51343
66141
87616
97026
35384
17889
33614
31258
45535
14573
51695
91388
41230
14102
49725
67796
92266
26505
59830
1149
33696
70818
7785
75726
33017
2253
25956
16075
83851
99087
43511
3783
75656
70421
21991
15086
82299
45548
97429
48407
94066
39943
24384
59416
47736
41593
59646
90210
66962
3482
19662
76931
49670
29778
81711
7059
30299
26795
7097
96466
12211
78194
50527
7656
88735
91727
10404
83746
76491
37462
38895
70588
82289
20062
76372
53560
69971
53035
19460
19434
90416
55863
378
86800
75583
63597
22225
57633
22927
7553
50206
33340
78211
29448
8972
69512
72995
49954
78406
85329
3807
28210
20926
74612
30325
84126
34761
30428
50751
49942
45235
20065
27022
78953
56236
98250
78923
20454
80685
27496
69432
92866
23557
55436
73677
49947
98657
79032
7740
32754
6822
49288
93641
76045
18649
74933
92891
60561
56109
79179
54510
75153
36387
40450
45770
67247
81940
19490
5310
95271
64270
28610
35548
6979
10405
17922
16098
48520
71363
11080
92480
39136
77495
97293
88691
12270
70572
71514
52066
82614
34450
99734
47023
12113
92979
52636
20926
47588
66394
30426
63440
879
39052
83347
96965
75841
89404
17248
19036
30828
57104
44846
64886
27931
19727
56216
67815
83203
53211
19439
29838
85799
40241
76044
19352
22788
20004
53464
54480
54374
5969
14088
68520
8371
78991
48951
89383
17342
43682
32817
54331
46838
83728
26116
10545
37001
12035
30698
20671
34891
66554
53217
26560
62124
30381
12025
65436
19671
55633
89839
82281
44573
14238
7758
59206
47046
21491
15872
31446
17537
68570
76188
60119
19269
9301
47952
46211
81961
90430
98271
90559
74550
82005
66039
14438
56183
26256
22324
13495
90500
90324
94288
44779
66583
2902
78626
98597
36769
39353
25288
68869
765
64066
3996
47132
12976
5272
85547
70269
78343
36764
48397
11755
35882
64459
52200
35651
48288
90588
17116
27846
37672
62848
887
50785
64970
30219
71028
24742
9791
96840
35111
90251
5331
28354
71625
22758
67166
15836
68346
44015
74353
70064
27696
27193
45870
15878
75328
35630
60227
60423
21382
83701
74324
24598
29638
83943
98654
17711
62454
47626
69959
25876
63673
57372
56639
61800
60430
31082
71489
32521
9388
98724
45265
73078
89444
25730
70377
5769
73614
57274
10578
61604
11200
89022
84404
8420
38806
29088
15201
10397
34150
65856
85800
65138
46880
95792
83588
49543
35858
11090
58635
64422
91928
24578
58774
76528
13149
57483
16533
97021
45918
96635
71489
92939
20716
76035
73713
17037
62948
71102
39942
33407
43746
99958
45485
25249
54304
22157
6149
55189
24528
36934
75241
6213
1157
84663
31158
41322
65306
98322
58663
82460
23373
97406
54758
18815
85622
70721
26619
83331
47853
79398
62562
6219
96816
40775
32058
13876
31451
92461
20409
96741
55974
46271
7203
78110
32297
63050
64544
78094
16808
10659
58744
16953
50118
12836
22874
7751
67390
7002
77455
76024
22146
88531
25596
23577
79823
11086
99583
51907
57120
8897
18877
20111
52429
91436
14678
62113
99270
85744
36011
81753
84881
45833
12603
63096
81436
97890
35064
99243
92198
5853
49770
2445
22404
72511
44024
86430
12419
65449
93960
56592
85708
77825
6796
43018
7979
93934
59319
94605
89839
28102
88708
37755
8214
8909
99104
17355
76413
11853
19986
66048
31317
40913
18425
9153
20280
48232
4355
10349
19209
55368
24708
23290
97441
64563
94870
872
26421
29744
72462
10050
33516
96458
37085
98328
96831
96441
35253
13242
46701
19636
79151
26887
38014
4663
65815
92545
15507
3545
65991
32018
70866
48039
3468
21770
10796
17153
68935
89341
34224
80059
44847
82319
35087
23439
98312
51003
88000
48236
478
60504
92673
67198
6011
12578
75514
30650
79952
18203
22342
78371
16133
30441
33029
73855
97653
65090
42810
99520
74198
95792
32089
3010
60218
62687
69952
79538
56130
71578
41777
18215
89438
78599
91630
67527
46723
59418
186
54583
35644
10961
53143
67247
60106
8933
55577
29614
62038
36776
12995
53468
81356
62637
2317
16267
63412
22163
77546
51675
36235
3754
53609
75094
10689
8627
83411
75960
85679
9657
30565
5675
44056
56801
17347
91115
8865
45845
58296
61240
73984
57492
2269
19282
177
68399
38090
53276
68752
61951
8030
25297
74713
84509
33087
9365
99949
64998
49797
91689
67278
47026
52533
92865
37620
54982
65648
3538
55194
38293
29292
73843
86567
48121
68896
17180
90413
3089
41092
24422
21226
23366
62939
66884
61853
32593
6811
94930
10833
30290
82150
79467
59174
86828
41064
61575
3591
93950
40605
21389
60866
73294
71660
95094
36796
41906
39433
57694
70090
5569
61341
9911
88189
81295
34501
84924
18862
18064
78521
609
7490
89279
21070
67111
93059
42482
90460
82986
629
18451
55063
1120
71819
7449
52314
17363
65031
19578
77445
24827
86591
66042
33992
20460
12523
65243
98100
95387
40020
16367
69
32191
45878
27709
61014
19285
50546
77088
72195
37609
51970
19725
56409
8560
3182
22245
28787
20681
47290
14995
59719
38323
3494
25816
49231
25773
82087
91859
75093
20611
14624
49376
17808
41286
10151
11676
66134
9295
59883
72232
44062
14829
32988
73782
93963
83096
1688
40861
38781
80743
79318
22742
37698
87942
53010
2785
39658
1980
79706
37399
25899
57879
87931
33179
2395
78957
71133
60979
95194
51436
25186
18791
55472
73192
44376
1761
87453
6963
37325
85963
45426
70545
10683
50038
60646
10779
43700
12971
84793
30805
79316
24992
66404
55896
13799
77660
17330
94983
55081
88935
55703
34069
32357
95182
41239
53893
55132
82673
69800
24724
19323
88834
41954
53511
43261
66147
5426
16923
1105
38164
50777
13907
78242
94866
94186
91196
29198
14805
83171
80904
44892
71719
7902
65546
26265
72301
37487
42429
76359
99541
86328
80049
67009
46395
64455
4097
23825
39433
53641
56638
69093
37417
28328
67740
78215
44812
99333
39024
86785
93423
35378
30889
74319
92871
88335
83205
29371
33232
66525
22504
41746
22891
70593
17476
26263
57748
7952
52227
82711
23643
64060
54373
70874
93959
88034
9538
32692
21782
20987
97093
26127
27793
89273
83340
59074
1379
75258
87195
82633
85609
21143
44295
12248
36914
79610
41327
75221
26019
49408
73374
74305
4686
89614
48945
74138
35128
63589
90442
87886
28068
51526
78975
71873
35212
14114
14449
70809
60289
69971
84094
83564
25869
23815
49749
21870
62495
80241
27810
26047
53368
94494
78900
36219
39729
4437
81282
27196
14091
91445
58498
75162
68297
31747
4557
11486
65406
44042
51066
68860
63785
13291
80564
1796
84956
18547
91975
77988
28852
27091
92498
8296
66919
80390
28301
8279
91101
29543
22619
79691
87751
47892
5235
57041
32198
39939
80747
36906
6002
91471
56622
75399
45219
18089
89684
36100
33975
41517
70624
21743
59665
97069
98688
43873
73106
66152
37234
80381
72969
39889
77413
56075
56636
53475
14711
91489
11642
81246
8180
75317
83346
47608
54753
46931
78001
97747
34807
77488
53278
89202
9981
80564
27356
54229
81957
95433
74614
15611
25437
36966
17846
12315
49016
39225
38099
99738
51104
92173
95336
77396
86996
94699
52731
55191
6696
98309
35975
79172
53602
83981
84807
75254
7721
65539
7604
22651
53378
33390
61534
19871
57422
90234
95484
56235
11544
54753
6140
30960
73893
58479
96042
89347
44151
75359
18342
2051
43932
36098
78147
59759
94898
18968
24502
52662
15090
63429
44799
79545
96660
74327
69461
59932
79990
13964
66875
37858
45560
53424
67595
91926
98088
55427
48199
41381
48632
67539
15317
18984
11996
43401
92424
58816
5272
64641
57110
93027
48992
27739
96961
85980
87484
33038
44374
41713
76518
11692
21252
13545
16504
88548
49024
90704
50652
80097
60249
35271
45492
13455
73627
35483
12648
92345
79949
14401
29293
47482
48452
62422
38879
28365
88163
24861
30098
11014
70939
6559
39427
36925
97323
68001
57705
57605
19397
73785
46469
10224
68814
69305
29276
43847
23814
86996
37772
13580
58703
79053
91059
91066
26576
65456
36083
61320
54993
58342
96109
53418
42374
41386
1251
41620
3639
39542
53732
62973
26027
81217
73780
62360
37322
86154
94201
81044
35918
5159
6358
94254
46814
10866
62507
20518
14798
91842
79039
75593
18732
60278
2470
22469
59865
25853
25624
55648
62609
24873
4539
94998
21140
28515
76388
84233
22661
87655
90602
20982
67759
51316
18037
2443
68916
74227
28174
53862
34734
79667
93216
90672
60636
25231
89723
31437
84172
61447
4772
66969
54045
32216
21725
97760
94357
41058
19510
1014
21219
2438
61865
22735
53049
33835
8316
32994
16644
48537
80680
31238
22857
9241
57082
33334
43954
2627
99259
90897
30686
10435
54422
80772
31407
31631
87560
30178
4958
93289
94910
56772
95953
3603
54289
93272
82481
63267
48219
29318
19302
25826
20723
97154
9646
36236
34824
2492
95563
11622
90711
38403
6739
7505
3279
28701
68815
9335
44482
57084
57259
73276
23182
45426
23497
81976
43772
14030
29281
86460
52595
77746
61403
97502
72824
71473
96083
94457
82550
95484
96128
21792
83957
63583
21248
21805
71239
29634
51907
12070
77943
97334
54805
28425
11384
91057
46959
18265
39833
36411
89149
81126
64506
94549
56541
77790
14168
54995
62339
79667
14361
26634
3080
73391
49634
30138
57808
1235
80154
70506
11950
68619
68606
4931
22220
38272
74930
76367
43370
56252
184
24935
83116
45507
69388
65815
50809
16329
66430
36138
39309
88213
123
99438
9252
49444
81563
75485
22580
92956
49236
88529
58008
54898
24159
25207
48869
52480
37176
53834
38787
92013
94900
64633
19963
22737
2989
78396
30827
3337
61357
38839
4889
37260
18356
51408
97887
74001
2790
26865
41531
77804
83566
9596
42912
75904
14304
50324
54785
50853
62794
81220
54441
95310
83222
13780
87542
55165
77692
35605
42346
20433
3412
45630
47864
69389
82843
64291
28842
37325
94788
64271
93563
10145
94294
30784
71187
45459
58817
52261
79680
73169
14325
4301
80114
29122
4121
32149
45095
37949
58828
83975
82270
4914
67631
175
6026
9881
5481
44742
45728
25985
50129
91280
66993
39827
74110
41272
29631
19656
43848
71787
15555
76876
45943
74615
5691
26012
70594
56746
34348
71689
70415
22832
30535
99433
10100
30618
73757
88917
83831
29769
82263
17703
5893
54011
24625
54374
29735
36162
44802
34769
27927
53848
13842
39236
19745
40631
26810
98558
43976
24061
24802
65129
96000
71958
78077
31820
58538
97751
38861
64549
78997
90513
90662
66622
87594
7377
7
91553
38961
81466
8671
88287
33298
5739
67382
12716
57018
32626
33191
32051
57268
67056
73917
82546
10440
65964
87743
4316
2311
1907
88947
97968
72673
15008
32986
56546
74913
15489
31004
47867
23978
6540
54991
38107
1773
8952
37888
54085
43766
7883
73173
87808
9473
18073
20094
40273
28308
78089
77660
29525
42048
26912
98980
6507
20491
62491
56296
56697
80687
10767
83845
87991
32216
77795
14966
69038
68686
72867
26590
35185
31942
47599
88232
22157
66323
51178
5786
57133
99682
51862
40587
89499
70878
46757
20028
55013
23140
51515
81207
35336
69217
94387
69282
77216
85462
6160
79504
62264
1404
31138
56479
49273
91860
40911
41465
75342
17250
40509
13632
23564
74788
87870
11683
99547
74342
47464
15
5663
39579
28155
30696
43272
76047
32839
13531
99001
77710
67856
36111
77496
82892
73463
57013
99561
70144
54568
42112
25298
66675
34531
386
90068
5159
3979
80372
12202
89347
4337
62496
68911
9951
68621
24472
24642
39167
93538
76941
56539
38665
60278
34983
81193
76436
49374
3102
56890
83581
31258
88265
20377
19928
43090
84957
1907
68017
39430
3922
74835
77946
84953
94804
27012
17426
98779
94976
43815
5634
18140
32414
52189
90401
1458
14693
62255
98444
49733
24902
94578
48031
50675
49928
87844
96902
48616
58135
78437
42345
84939
95536
44166
49370
86180
55063
19563
46295
50212
22775
81237
55468
98521
66950
89859
82916
57484
3209
54825
90593
13494
7864
87268
35387
15938
15605
90412
5289
34698
3291
34594
81473
65009
11087
48289
83174
38503
30725
36288
62885
83280
66940
64917
62181
93143
12038
27805
72445
52012
86482
27588
83073
52072
7881
78892
72433
71779
33474
56843
3606
5438
3414
71488
32078
34724
35966
29722
57351
27952
55105
16339
9555
26934
5634
68593
15723
34782
33796
46579
79035
57537
69522
42988
32350
944
32896
46362
3699
36091
86477
56413
67862
73292
58992
78947
3460
99148
30635
13509
78298
10850
51599
83918
9836
64011
53653
60237
63486
26167
29177
82773
61167
30489
75665
97074
9924
85087
48115
77592
7480
39899
92075
97958
6004
56490
23865
24788
4853
53825
10659
61448
8762
44945
27053
43189
33447
37241
41697
45292
43100
34933
15164
70658
39343
20057
43951
81145
76646
89343
68808
69869
24803
2734
52258
50624
84013
35657
92668
78362
80521
52397
22227
74177
56025
8401
74327
53811
41208
81218
8816
52298
18623
60795
80518
1315
93834
35445
51275
31677
4182
78269
56418
68792
10145
75546
20109
12746
32472
56189
70816
78503
77335
1784
5499
30391
51511
29878
93227
51454
77424
40489
98746
17154
97142
17127
9726
84803
62948
20501
38537
68205
13870
69473
56614
74775
43082
50361
48865
74872
39019
61272
35587
91751
31006
31678
5595
81833
69520
63934
43425
22125
27913
2274
35228
60033
26168
73558
11113
55483
89535
95615
13741
88546
79174
82176
63050
82575
15982
73588
60027
60531
94356
55576
78738
99483
3314
47524
27660
36922
74275
14544
16582
78730
65694
12644
89816
81892
95246
51311
11320
94707
83796
9337
3122
69113
57740
1335
49147
87430
49036
11822
97910
89808
57100
93970
34291
53413
20901
91791
28288
47496
58799
78456
43582
29756
3463
55495
72009
86468
7978
58895
68210
26011
60787
40660
81777
32455
86871
33256
87894
29191
85595
99368
92549
92233
82401
15607
11713
36371
76429
38224
93898
2824
73512
56160
93080
29461
21645
81354
451
71827
15733
99793
96768
22357
13938
48634
39193
91180
33662
32102
53738
38609
49422
35801
81646
3724
68925
50577
43468
59357
80061
64644
50621
55633
26406
17313
59629
62204
64084
82691
71292
48983
26963
6465
66775
96303
53474
43947
2538
19374
89942
87257
97226
98167
19740
19466
40914
60999
87693
59821
60701
78079
52684
22746
97128
48841
38034
67542
15059
24322
36086
48193
84904
27934
2832
78071
80681
47493
84890
47687
76396
38167
36779
60532
18948
97857
44518
20212
8907
4092
18638
81532
82524
74567
9995
99059
20807
85568
51846
77800
35327
44600
94986
6284
30288
13434
59119
68985
94861
33600
96796
77581
76292
31559
92508
64737
73596
76096
60281
89447
52555
69437
24144
78897
54930
15112
96862
97544
24213
54294
2981
64066
85520
91524
78529
23671
99092
65466
42762
96273
41686
85839
88620
17957
82278
17685
94977
40268
76282
8471
88805
45169
22402
69578
17809
20930
99845
98012
79073
29869
5207
26383
85272
50352
28319
11360
57415
5503
13682
50412
39482
60141
77352
51584
24922
41797
37908
49041
96146
74410
47025
98714
51518
3789
27987
60927
20136
85416
87351
97571
36025
80161
95733
54708
90015
53911
85751
25429
41421
95607
31234
84941
47127
10379
57049
78921
33348
2986
11657
35105
72746
58222
98907
54893
94614
37031
9693
59809
35024
1860
87496
92442
80688
44358
24067
84875
69344
93530
62884
4433
85340
57623
33248
85286
93557
49781
16020
42303
65186
4075
91550
13054
35978
83218
15666
77029
32269
51628
35110
38416
70867
4420
73471
72557
65291
96445
45885
31187
27853
92035
46621
84507
22391
7903
58309
11513
62324
41735
87739
31443
47343
19304
63484
78091
69093
21996
63247
27302
69432
13901
99412
32366
76745
63821
27434
56135
62929
48788
71495
18007
7968
9918
69900
49182
32753
45209
21285
82264
79468
40958
97988
72558
57837
25488
61788
99146
8273
28637
10109
46193
4954
69866
24167
47820
5161
66236
18708
85526
77354
73894
56959
9267
4092
80153
58769
70527
41659
39644
92999
71118
22754
91424
10053
86866
14904
34588
86601
33772
835
1386
82338
79692
90575
93541
69187
22467
99310
19203
29336
99253
26949
92903
37880
75893
35989
35923
34983
40208
91061
32976
69280
29799
33253
7291
7642
73595
44730
69282
45232
46780
56978
75739
35471
49322
5156
88037
6266
46631
9228
335
37810
55476
83671
42642
9873
47472
6088
51678
87160
95750
601
58017
92571
40987
58517
6385
55087
54464
20580
97166
12289
65269
55661
43897
81784
98387
60514
61357
17809
61284
73480
19842
93494
44011
10746
75872
37115
17058
68405
36904
74095
2299
56786
1394
76470
74136
59405
35626
53171
44434
59225
2790
99050
56095
79292
54802
93692
33001
61827
81784
6527
16803
39381
89972
31455
35184
84788
49277
89030
65855
91432
81253
70975
43161
23837
38250
15978
85946
55716
75074
11512
86878
17473
78147
56986
7323
28303
42350
77287
85248
92511
4209
51813
88761
43651
85645
4512
45103
61554
59743
64031
51391
2217
35789
63625
33157
88732
59625
9230
44806
39977
43882
71398
37252
77584
63231
83359
88948
20902
29765
99518
26100
91614
47584
43756
95386
79660
51293
13727
80107
68563
80648
33043
12620
52740
63170
68077
65502
91449
72285
8519
50528
55673
96112
27753
2189
66498
5281
41677
74552
56732
22948
82025
69342
65471
65744
88633
32205
55986
64327
49695
39291
10125
37008
97437
14653
58245
95200
44101
87097
60647
73612
72739
75177
54989
41261
98771
25083
45596
99437
28762
73455
80460
37689
88583
79160
87469
71480
66096
63847
95806
81247
4002
75270
42745
46955
72288
95807
82389
20052
26530
50307
93901
20772
94431
37097
53796
16231
80366
73332
40171
27103
18274
74487
32471
92014
50700
36198
75673
56397
90229
19599
65367
41565
90468
191
77217
87519
74505
62218
99031
59867
33789
42576
67229
65802
83948
90104
47255
41728
93896
48339
92604
35146
8218
64108
51472
9209
28360
55722
18815
55630
17929
42993
56822
87938
68196
1586
96507
7313
48657
80055
26228
65361
57842
41306
76467
51509
27664
33252
94334
55558
73853
81076
24667
72068
89897
51480
71796
91214
52226
62745
16363
84433
4729
85054
25347
51339
57914
12821
49020
73381
91318
44636
41838
44036
64573
53882
97831
14160
90946
76773
42151
85460
42072
67328
6214
98397
70079
23874
45073
26969
60611
89811
31125
24899
33773
65130
66709
39584
59547
60770
50149
89173
92841
65814
61856
58810
28431
17264
95206
26800
72202
47997
9453
43972
76863
98020
79161
51172
58409
35380
37489
27252
73687
96624
89155
26543
48013
22034
29775
97018
25419
16951
71419
45697
65425
24924
55412
15697
59196
47928
9965
64479
64352
74647
34702
53645
72515
90399
43676
18658
39835
12322
28020
61841
52504
70328
95273
43540
83198
15322
22933
75656
32219
50572
68051
4004
74591
361
91890
15507
95056
9315
60488
55960
8091
60877
78979
63174
94886
28055
62236
96130
90256
58145
84002
20058
37718
89206
66746
40504
96259
84976
81060
68105
91438
68678
70705
44174
77044
98570
95519
6971
10926
93440
66076
25323
44527
86576
27570
53770
39560
57226
1658
49020
1084
79359
26189
79426
66694
91043
8835
20729
55698
59323
95540
13591
48163
94845
49998
31079
10461
17563
23945
77432
2549
26326
33361
78491
85564
44785
19919
47361
21667
81782
57746
73519
78507
70506
48557
57751
99349
78209
76997
66391
90801
79019
88553
35685
62970
94929
92907
14191
24975
75059
65099
54047
17378
30720
27649
92534
83185
29036
23962
84568
63308
3692
88492
6183
44415
51493
99297
45522
72544
13177
51457
51777
96149
37022
23256
52395
72074
2873
77948
60187
67148
63356
67251
69952
85362
15310
74734
51773
92387
93521
17344
69559
91742
26418
59669
35807
79021
43077
27118
6297
11022
93654
98583
91650
6921
94898
26501
37624
573
80846
4449
16101
332
36697
63205
643
18535
60823
6078
63670
86170
91268
10149
83006
52385
6105
88863
44652
64728
36285
44938
884
53575
59492
753
84844
74879
45506
31075
62292
12540
44100
80132
80262
76211
22645
16294
959
97611
66301
48146
41726
83952
4339
38280
817
40116
30396
52133
70766
44387
65653
66584
35613
98092
888
56129
34026
47213
70100
30151
36151
35293
25840
61270
96879
75581
65601
67979
81856
58025
2754
38657
56892
40418
72731
63346
55851
48582
99433
35943
32933
8639
81374
95366
53769
30619
86574
4182
58744
1380
10230
48018
52647
32981
62127
49339
4505
41898
9745
14784
75073
3467
61684
24028
32494
26995
24054
46713
37704
40089
5888
41415
40852
94201
7582
87733
67398
29092
31441
37936
4282
21876
14779
37421
73992
67097
38587
97436
39670
54012
50796
48548
19268
71491
81732
30231
6264
96929
98829
24269
43058
78198
79066
78296
46962
58554
42764
27839
82267
22461
69359
31515
93822
58781
51743
90394
33374
67051
56947
39814
25570
38762
48515
88163
18633
95479
85677
92706
26531
37259
95737
73440
89829
87225
66873
82164
72162
6598
98835
90505
68564
3702
68742
41394
76916
27836
86381
19069
15092
96956
54266
7967
27924
77008
29620
43727
29775
53604
97103
35650
86569
95858
98799
33387
98692
33845
12248
49698
2088
89099
97262
54489
83635
23877
89611
92622
67208
88971
74280
571
32578
16120
73944
67133
2247
26617
73636
33673
72730
44402
22937
60747
83220
48442
16904
33788
58308
38317
90578
40183
21317
17940
29304
99657
96245
23255
92554
63225
87725
76958
28151
10097
6299
40533
70741
83794
77626
92257
12
68988
76077
59806
28541
92280
56986
88018
70478
18916
34103
77605
90057
11953
42378
13459
83910
27526
35685
23577
44878
81960
658
37670
43649
19127
37281
97428
28583
17859
95517
20150
48856
37111
18059
74744
92240
26391
63403
29574
79488
76465
83813
3079
85415
75326
70957
608
12199
41856
24269
77128
48288
58258
42606
41216
81171
8348
85541
85696
10498
85976
13647
70675
7130
74085
53428
76507
88402
23113
73701
16133
55897
24856
86622
46520
44344
39165
7008
5049
29043
46059
34079
2445
48779
26614
43356
52943
20008
46673
58744
67979
88575
1834
23643
6932
41047
72568
87629
34778
1938
79217
59940
80319
11456
1608
29707
71820
27715
52235
68428
32339
57239
92412
73960
4344
77291
66882
65029
26679
14665
35622
26656
33453
10117
3620
92117
80413
62789
75549
38313
89679
53090
24337
30456
96763
89042
82591
30829
96784
18524
5550
30755
99952
76121
34358
88556
27241
13549
83576
23945
24023
51931
28218
47011
41561
38662
31630
92424
89649
59339
3659
17045
95485
43032
30107
6116
61466
57233
50317
91164
20943
85904
17172
78620
17010
70871
55217
29098
53087
81808
67317
80412
75373
86844
42788
13249
51965
75670
61785
88596
63018
89352
9349
94150
85487
47421
39960
74769
79048
23534
68437
29451
59076
25339
15154
60663
12790
70361
99011
84766
24728
37006
79935
38148
39769
74186
69901
94390
48268
59202
83628
23275
1671
86646
93328
88161
96268
41076
81436
93498
43842
29877
44502
82770
37722
56177
64155
63836
56660
64316
30432
88119
47608
77951
53733
99844
73588
88868
62851
39235
78056
46237
44073
89071
52871
46386
83249
25061
81165
87210
98443
59859
44523
66771
42486
26679
40453
12525
59463
4347
1725
14835
63242
76279
31482
59703
34845
69221
89352
57558
41245
89183
68089
40083
66748
34752
98709
45476
21300
61279
61433
97838
32918
75562
8828
65269
39006
6156
94740
44699
22760
47534
99000
15351
66910
45584
36993
45061
78093
59263
90689
32416
24716
19989
9599
35034
73723
36576
81435
10295
9407
64102
8795
91189
18493
62533
9812
14027
94500
76060
18583
93568
12286
37484
55434
82564
19348
3407
840
1021
83315
43853
39474
71049
30382
10179
72972
50809
23772
62847
82032
21358
8643
86387
36160
76292
78086
8144
46960
48652
77192
65607
40817
14065
72706
63890
58409
61576
95484
21545
45317
27365
34691
88842
41494
76953
88556
62563
21287
38696
29629
75111
27772
82588
68623
89256
43967
26780
50929
21393
24718
22491
17825
60156
76355
13799
81591
44905
53656
69239
24767
99531
79778
84384
91783
65691
98778
80923
31868
12495
59663
57064
81245
86157
63560
15811
25846
76158
22280
70592
71887
17652
93939
938
18719
53007
91328
27669
91017
47797
97362
93607
40442
11479
27077
45099
22628
14970
22895
38208
53969
75029
16782
28053
67347
20524
35994
58091
76173
6466
76967
84134
56559
10633
63229
29698
38074
10984
46349
15285
45534
63404
23218
38061
73601
98508
34470
31257
71530
97885
71141
91248
26883
15404
63398
92674
18802
52511
23377
29048
30704
1599
79860
15750
78241
20983
42246
52335
60738
89058
34241
98564
34991
37850
98575
49714
30907
29419
91477
43173
98804
77905
28066
46146
14707
62136
64750
13658
20901
47520
52404
28848
61118
19319
7991
82923
90015
18104
98386
94431
19240
69084
4401
78150
53276
80216
53352
22081
8197
77970
79432
21668
1702
23574
61891
10886
44572
83881
58995
8290
86553
17916
68930
32805
15221
64091
23918
8299
66186
86681
99045
55455
82287
70875
95201
42664
36441
19383
60627
72391
82693
31863
50408
4786
9894
22437
95280
30760
85994
9157
81364
88779
24128
88578
29508
81059
26419
56081
14850
27880
35406
65130
9526
49262
29929
96044
75660
42003
21821
23415
84087
5653
17080
65336
73210
74251
77256
37915
90118
21225
12427
66226
82626
49314
74304
4540
29144
64112
19915
33843
21832
56678
71364
88908
69843
37345
21458
73814
64135
42917
10749
10675
15497
3880
67594
25613
15855
74707
52337
96098
25888
39340
65814
37709
27556
20188
78273
69684
72989
90393
89141
89695
76037
55103
87648
70757
45370
34449
9861
76624
31172
27839
74882
58285
94195
35415
76205
29691
79654
2636
79954
80418
68688
25719
89985
33103
69793
49932
75824
15834
39387
59433
50800
49577
16274
43169
8161
64006
30751
35088
4022
4530
16795
93208
51236
96477
50437
5473
45544
27938
11857
16593
39210
7063
66081
84604
68240
97261
49525
70269
67900
69940
88065
66128
10358
73682
73645
2422
90932
49987
17035
26187
85602
69364
90818
66777
40640
15779
94671
70278
84884
53674
82524
91915
6403
29090
64800
65399
82430
1728
22090
15111
84814
88753
12322
20832
74763
16422
52524
46226
39074
95404
3381
70629
45163
67638
13842
57654
18290
87602
48598
60989
51248
85271
75728
24749
11632
75742
4199
43764
888
51604
22579
69468
42910
80449
96005
47327
77014
32956
42014
37093
80478
9736
45369
77378
21900
33014
69580
25257
69901
94154
44381
1820
11326
29932
42967
92178
67013
91531
20593
48008
7253
86186
73747
52697
58071
36572
6618
814
90851
2446
22181
27945
35330
61076
936
34696
6125
48241
7056
59231
68056
30780
66727
75294
10143
14018
73013
73325
98587
88038
45886
66304
26892
15107
34552
63459
15175
31463
15548
43653
29713
45166
84856
38584
93039
50753
16360
73447
9861
47834
91324
46535
35191
72274
97413
87713
47773
17604
15820
11819
68681
29502
88824
40218
89032
1867
73340
82062
38733
19479
55914
66949
80662
14208
12161
75130
55019
37365
64806
14067
22122
18194
4155
94247
86628
97826
78672
3130
78203
21421
5057
39490
46635
19467
1765
3060
69892
19892
80211
4743
24866
54778
89923
66460
95853
77858
1157
24301
64381
45188
36909
53935
84147
12543
66802
44601
60039
97430
76106
79141
71644
49580
93403
62711
72102
66796
7902
45469
46468
56260
11445
37305
16658
17332
57246
9935
39143
69796
75063
17711
77975
33488
94677
5952
31675
1401
3138
636
87620
6708
71020
61659
48649
86036
14979
88163
92135
68660
84034
57680
74674
16117
62931
49358
17933
3064
95588
98799
44891
201
10521
96085
46444
75147
52684
93478
21920
64358
11947
91037
14471
31217
36782
77235
95349
20532
32024
2676
14929
16113
12153
67505
44873
84666
34997
45622
43320
89170
81073
65975
56172
1286
65003
95228
22931
63252
20614
79353
7216
19734
74686
45588
38369
52053
22908
2706
38091
16641
27231
13425
43074
48554
54304
67622
46226
87943
67538
57536
40065
83169
75049
24164
66794
28265
98374
38843
29643
78243
34556
42568
53371
37073
4991
77474
95849
60545
89001
84182
70629
20942
73565
55562
37612
13187
13543
53352
50870
42205
19086
22263
68067
5462
36144
56060
2028
45631
6142
90496
63448
61318
36232
27235
93391
45097
42462
92399
10119
8560
14775
26364
6563
12521
23860
18279
17755
91367
53837
88808
92698
41395
85390
48925
34293
2279
92326
13207
20377
8109
93616
29417
34327
27364
97995
64731
24400
34763
80767
99305
22660
80432
17423
36960
47367
24359
21080
39866
61539
97341
95994
51445
75758
37469
18585
23242
43928
52699
24077
3100
4707
4593
72393
475
91784
76868
36204
26741
71131
64856
33081
76926
47571
8270
64866
80128
68603
11217
55787
87884
99995
76188
85889
77141
90082
8228
66333
49998
36871
90499
17828
49183
53625
90884
32726
47130
64376
4008
22408
47429
13970
8023
12332
36258
85040
18952
68736
34416
39896
56763
78469
87167
45287
31592
44086
31623
67966
42906
63700
80088
69392
62246
74590
92804
1094
65235
90934
90650
79230
92946
65595
51788
95176
70361
57391
25167
84321
49075
99026
98738
65653
98326
55880
42643
90981
33674
13714
84382
58335
89828
90458
88192
93594
67759
18392
88880
64670
45812
95247
41589
85780
66482
87520
81611
81981
98358
20160
8232
6400
12401
86606
37874
52436
76353
14710
10610
91770
56493
73077
61725
22013
34680
61138
16720
47308
99984
84301
11405
64983
12147
80263
66290
40742
29484
21099
42286
93259
56295
97955
58169
18298
93109
76548
22823
58283
526
19142
63031
13204
36004
55390
22209
5822
78475
38682
66439
15416
34258
76880
406
84187
6745
17876
52262
32951
59624
84578
91322
73292
37288
70239
48228
40496
16012
89783
33433
97674
36362
91175
83839
11102
78620
61311
41953
62078
60840
99522
80904
95762
81001
56331
73680
63307
93473
5333
50122
42406
16883
82975
92275
46081
84621
80411
29725
82194
24866
17871
56372
30456
67832
74114
46275
58377
91668
87740
35924
27081
246
89126
84786
93972
23895
30298
88531
40434
94599
65898
50373
58822
56177
86263
27564
96381
24775
82888
41898
99685
66703
44552
14013
86717
80703
22309
87927
76363
63202
31684
41042
25944
50685
60490
41972
246
68943
32436
32789
79706
59256
1762
43005
60900
558
84917
38887
1300
55523
13212
78546
42941
61890
56387
3412
65376
58247
15346
40555
65327
17636
79044
73139
81357
70119
37754
97539
64700
65900
5368
88057
1
95938
13736
31999
35707
22315
83921
39050
78124
53571
3389
28336
39747
62511
40666
60962
30051
18092
52516
23927
98321
97326
44068
65056
95311
55691
42943
59329
28672
14922
57670
22895
30470
535
46101
87990
44230
55262
84732
34485
96773
51031
8375
99876
96220
25741
73738
64181
4579
72958
6082
85731
11679
10420
97935
10063
65030
6808
71706
52788
40826
9602
25346
79724
10581
62667
7918
39221
25155
49985
54907
80403
60358
6429
65448
25840
34251
27710
50655
1077
26132
96394
84337
50767
99446
61422
15783
97144
17015
60257
23032
84002
32657
69597
84576
82582
58744
54863
65330
78916
69999
11548
25494
51696
89513
12892
75553
47795
73657
55192
23020
88332
72377
53391
28634
33377
36478
20980
93197
28766
89543
69604
95732
13202
4358
71399
60670
15557
48549
59546
85230
48829
94701
40728
58656
4893
36983
4097
65013
26669
53284
12480
84487
36210
83171
83826
16852
46801
90439
29022
10607
40786
0
95157
78202
40603
21234
82027
47642
91947
40322
74579
4640
99220
31036
78607
21291
12484
36620
61193
91177
78181
76023
94057
27729
4297
93569
86028
82940
23458
28813
67849
86353
23335
97577
45818
40254
57123
34626
60825
13945
57992
50398
60642
91688
19020
25933
63819
41626
49782
32231
54208
22056
1680
43533
43827
93866
70438
15513
58061
49992
23618
77391
6402
985
35565
60524
39282
36057
69170
69072
31830
65659
42665
6710
35026
47344
9658
85256
15285
9076
71964
82829
30531
57821
6474
80410
47941
89734
1418
95518
20454
86724
9419
35360
3657
47458
83629
36818
487
1775
13965
37486
8836
50752
63224
29902
92458
20232
45650
41471
44872
71499
42163
91898
48370
34431
80378
63406
50393
23461
38877
93419
89262
43200
70226
39797
41684
402
41272
71739
4660
81900
99605
28979
73932
87789
76085
17342
17761
80572
89818
93906
56358
70640
56057
37708
60120
20718
94920
32899
38914
82978
18487
49553
7024
16311
37702
52245
28773
9644
67722
12139
31925
88609
74971
37846
11358
44554
83798
54635
36497
89807
68043
77304
5485
17016
73471
30127
77236
43267
58006
21949
41855
57796
55280
51306
10173
31885
47985
14222
20517
59739
72565
72350
73610
83627
62661
86240
36893
64049
85442
80831
76668
88725
90444
56980
17569
7570
46378
28754
44321
47469
70502
57645
7713
6334
16116
20057
30224
57571
43882
84565
42424
4369
61830
77452
31431
63789
65108
24254
71585
57614
67206
92946
45295
63970
87918
88335
3248
90001
78532
13979
15410
15893
4196
79115
95615
5727
125
23347
72648
74589
67637
35481
33378
96246
85552
34878
10879
77094
52171
94019
76059
79199
37922
1091
79572
28829
59355
98127
80045
64134
26945
1621
37456
57030
17693
94477
9233
85685
33810
14086
99555
34256
93920
9757
62359
78274
31633
11921
27636
90937
47820
79097
90670
18731
74826
29242
63078
34887
5863
11192
19289
67666
93170
24999
55123
93664
61470
34846
17147
38393
881
89772
87024
91372
98173
93420
45373
52845
80165
4413
32178
73266
84210
36685
14851
10696
46277
72045
83504
62021
41799
7512
51648
58982
6541
46501
62927
41545
36461
48767
49905
77992
15667
40052
71151
76073
47715
66167
7799
13717
51130
60720
9904
39636
38034
79057
63357
28185
27357
72004
6007
73596
53130
21022
39841
24304
32191
43668
1578
33843
62794
99110
5257
42480
90444
21834
98740
96215
12930
3324
35834
62143
81069
67227
93763
81938
95471
90957
30711
23324
87371
18130
70850
27164
81808
54511
40738
99402
20442
8264
38405
6087
20375
34638
8563
34046
74212
83164
17202
58439
21109
18866
99693
58492
63404
33806
45944
99353
52555
11493
77521
70594
95663
61998
78236
98219
25368
78411
11045
59047
54219
37282
26031
54305
63269
10755
62886
74658
95863
71113
75706
87326
97732
53434
57954
20499
18021
10966
76269
86567
34693
62780
37801
38593
28807
59510
9101
70027
34191
61490
77839
24370
64863
39538
56851
35311
67741
80694
68973
20630
74815
99803
81817
79006
73451
15607
79017
24521
22019
32817
64919
32444
96006
38712
71963
69434
52833
74387
67839
15948
43300
76480
3027
71835
26810
79677
6403
32306
58300
28156
15661
3030
78401
34925
24311
78462
32971
26917
13458
15863
76119
70745
88780
71049
34999
43143
34069
95274
30806
13717
65373
61718
70188
71717
92238
76261
11909
41273
23882
78664
99991
46177
61098
94989
87598
94240
72758
90693
45804
2388
25374
83185
40966
3251
75339
75395
87521
58460
9583
64757
73686
90819
624
20038
64817
48943
84641
80402
57180
43089
88659
39736
72155
66288
19468
30158
1528
42393
5962
92875
17660
23293
60177
76677
51231
8212
130
99077
64948
25311
13761
86769
2475
56993
42778
29737
39501
98334
67479
90876
45543
71713
13049
24826
92016
23871
54688
33437
84553
84664
19438
99942
11079
17972
48459
65280
11539
67722
78248
48940
77351
70215
79134
95259
61447
81182
23747
11795
42257
57582
58281
52534
89457
29971
15512
46680
12823
5351
89690
6682
90945
64214
63514
26747
61480
46323
65546
59031
18692
42283
54457
13354
12868
37205
90853
95383
5617
88894
25715
77859
46236
66705
63793
60373
30208
59179
69524
33123
87346
61853
30749
87956
5002
46921
35933
98574
76540
43139
90568
6645
27513
53123
58140
54980
58129
83152
75576
78901
93831
91868
96489
3632
41753
10449
64119
30310
84564
37790
51313
50752
14450
47638
94451
11548
1026
937
59006
65136
59942
89925
2698
54795
29971
20630
743
8095
56643
53411
14219
11162
25108
16872
92277
79047
48862
247
98007
91522
1846
98749
97586
45109
84255
22433
29199
39662
94805
35746
50548
61767
59773
57202
76287
63817
65106
96749
70553
97401
72211
87628
50025
31091
40011
24964
8640
86034
31675
51241
26869
96137
21383
13394
99415
52203
66615
81388
88856
96367
18223
37713
26426
79353
38568
88764
28170
62817
35568
1881
87716
26339
13413
55721
60507
34267
91007
13869
26894
32574
746
8568
60734
21667
77484
46902
9139
80017
48269
38458
65110
40607
23866
10751
46025
27813
54903
81317
42300
94020
1578
51800
18804
24724
14455
25739
35824
75256
22042
48481
31721
15492
38517
64481
4911
57871
23401
98151
82191
31716
56105
43445
20709
33283
4911
52489
76087
35192
52184
1378
87370
20341
52889
6805
74903
1906
57680
75725
26883
89148
29503
6400
88749
67065
39041
75961
87926
21930
17352
67315
21263
45905
36680
53879
41072
29970
84761
73276
1154
14019
55698
46369
92601
82586
71018
5956
14674
41625
85177
71007
65144
4249
41412
31038
56161
48713
37446
60013
99817
65704
97850
45508
54064
66543
26567
3286
64711
85311
26124
95008
90963
10143
79470
9080
85712
64481
19775
17323
38296
84369
37709
61925
90252
83167
44278
63581
23211
41836
58421
96061
84961
53043
88887
1361
97691
37743
47981
17453
9505
408
48047
39809
80937
92871
27844
80849
83274
67338
48294
46120
42306
27144
87350
55826
81598
68224
42283
14080
41158
12132
99390
93777
23890
6116
21318
77660
46583
83248
44969
1742
82612
34045
3460
58337
24801
77472
77171
35944
74161
67750
33360
24945
87531
93613
59270
86359
95720
62313
76980
73074
85663
59465
62654
87595
31968
37379
75233
31003
73424
38905
82643
51092
23393
18140
91285
42742
72036
43739
97358
50403
93530
52912
21780
30271
43578
12298
34209
3629
67784
16024
85647
99457
43133
67130
23579
74959
58095
39584
14126
17271
12124
60145
59748
77108
12970
41024
16427
83111
50242
30646
21051
84741
61137
88632
15487
6641
24945
81962
64184
83869
80488
18783
32026
57720
57743
92276
16312
64678
19458
16184
34443
89540
75050
16136
60835
16655
78877
26431
53384
82198
89647
994
42935
42608
35175
87532
13585
67758
41168
21218
52472
52708
66704
18452
2096
51429
5111
71100
98964
24778
8879
629
96783
51451
1307
70860
68165
2472
34527
27171
40943
84765
68286
42690
50219
14611
96613
33793
57686
83074
35175
49631
347
29654
74141
43215
24540
25464
75776
96591
62709
93013
29880
771
98243
15129
43244
34477
38625
98864
80543
47097
53552
95484
36776
41369
57325
87692
41030
53205
38059
45938
49346
275
60145
35908
67551
92140
23536
89139
33895
72818
49776
46334
22837
51646
6701
80388
1820
85217
20511
27102
87131
79609
54626
95146
22383
35599
40070
56812
60674
15669
73296
82896
12257
20769
26478
74880
46092
91422
36269
69377
73822
10222
91347
77033
28270
55410
67625
81128
21306
46876
99246
73016
91538
90276
54243
78274
35602
55255
75954
77068
44374
89188
20300
21641
2213
62863
92381
43342
5350
28309
90676
12815
78260
83281
16706
47934
53129
29522
49539
52289
95629
23546
30069
13764
72186
37048
64715
31151
80699
97328
7445
33108
7649
18177
55450
41746
67354
54511
61129
20392
51966
64206
32745
16905
64840
32536
82443
65723
81599
55804
79015
91016
52636
63505
61494
29691
45055
95014
65640
73456
29379
26736
62180
90795
98052
42648
81643
32142
42045
68830
65479
82
57843
44957
82523
46841
42307
5217
27694
15128
4746
69879
75909
16572
36934
59800
48182
9902
42657
64826
34808
8770
59172
15495
18404
25834
53712
67801
33909
54944
67159
38929
30087
20674
94388
15749
52524
62736
37646
72389
78473
97909
47479
51072
49449
18852
30802
21025
58062
46517
78074
65259
22674
25084
32204
93578
57276
47198
36028
74345
65184
46914
62165
44263
64079
31835
38926
46333
48430
73265
60837
79289
99409
11169
95711
45229
5246
63660
23156
24267
11287
46523
83463
37687
7041
1373
90930
75424
40166
67865
25386
552
88151
76070
21929
1431
26255
54173
73120
38843
56294
20520
8577
44720
5985
87987
19244
36594
19353
47327
85585
2780
51813
25537
79479
78052
68238
79335
5393
54897
74283
44177
76776
27565
48944
81976
2980
48803
61308
95159
54540
50240
89215
88913
87369
57053
87750
19554
11024
62138
23971
51877
11887
68264
42065
24055
90030
39295
15599
65915
84862
92453
90973
47013
91441
28577
24561
24777
1735
51219
47641
96725
46322
19975
50952
42026
92162
86331
79130
83380
98273
88377
26796
70265
81361
37872
41458
7528
36672
42818
24958
21707
68796
42114
75845
36937
88051
41957
49529
59665
3650
30034
74298
12418
60761
62712
97960
86192
24087
52730
10620
35195
15700
27982
91783
47090
68512
59966
10388
54070
60752
29208
92899
86211
5343
96494
41918
47815
12595
93469
42552
55883
1746
33593
95543
3775
19651
96807
63759
1851
67367
88538
30440
96227
16899
18384
16158
24099
73327
18121
49011
1236
65068
86440
47829
91827
94351
91889
68265
75016
8623
49452
34819
11763
39047
68827
61414
68406
85337
60671
61184
69036
56254
35710
51770
65380
26731
69233
28846
33581
25729
33712
97645
83312
84418
13052
39894
62612
62828
84300
98290
74220
81851
26484
97717
59699
1408
78888
97242
36991
5755
38465
82984
57919
14695
38603
18351
32311
71256
64428
30390
4656
52150
33185
48099
98274
33194
13972
19511
12006
42336
665
51654
2596
4585
77594
2027
69002
99955
23929
51391
71708
78626
11158
77637
93625
42102
95120
42595
43164
11346
97670
99403
11822
55260
57873
13162
30995
43790
13958
43579
33528
66504
22636
76310
6279
98193
51736
28298
42531
64381
14654
44894
77957
93690
3196
29048
22785
91684
89239
36960
52746
51449
41868
84872
88597
84932
11451
68115
9547
60410
17822
33544
84743
86988
71630
9750
78357
75113
93821
60961
71916
91101
98576
54187
70596
26391
27697
91231
436
98293
45870
68854
87796
42265
21960
16091
56350
12073
990
30212
98598
40034
78572
97870
7670
49903
35169
6808
54064
16683
52804
54813
12616
19236
75082
82461
46037
66303
50271
89662
97581
19264
1191
13607
25689
65405
76969
59871
39733
64347
73248
72582
40153
12520
89327
35954
63203
33576
56792
49443
59400
71013
87856
92877
76037
36091
90606
25024
38339
46663
74822
94578
74329
47629
98319
62024
50390
69148
40402
68156
59539
71057
81996
88386
79245
55421
44294
99843
57222
87483
69115
5180
1584
73236
83633
99165
42040
66847
67937
88266
87473
82716
50252
52734
48616
49791
17157
17685
44985
95746
55330
38744
85572
24922
29127
42708
66772
78329
29532
7290
36785
91846
33726
90776
83403
8920
92162
19466
89333
8179
58855
85340
72522
11416
53005
23669
33159
83390
94514
27941
2529
6109
71227
35618
10338
36713
12045
58528
94886
98376
72405
17410
86216
34762
45643
97860
92630
78546
76673
80772
28956
60872
59846
9525
18477
8248
41811
58955
38961
33369
5906
49058
53609
8322
19417
13921
93768
50231
35924
27432
16305
3121
23012
41785
11855
49979
48985
3163
14659
20617
31473
90038
13932
18850
51469
36845
71678
6588
31550
2749
26827
87406
726
12357
93405
60953
25748
6354
19430
66545
18059
42739
54559
66305
43281
62543
92792
6841
60635
73944
45619
27148
16770
32266
24744
62337
51338
31426
52674
19970
40514
98400
23072
98796
9683
77142
10149
85041
88833
62697
50163
5520
68418
54802
82794
91678
97664
16068
80537
31139
49400
812
43194
11533
36875
28266
45029
93373
44637
63173
18033
24542
3309
3098
17457
53921
38380
10074
15237
26813
82681
32824
40532
45654
31001
97660
52167
38019
62450
41253
43701
15680
8480
29436
78661
65455
23086
16980
69690
24675
20592
32471
78515
85185
3851
20991
63487
86786
4
78995
46779
97688
83763
6174
69818
41775
38828
33836
29355
3104
70211
37033
58997
82409
61559
23957
20456
49898
37838
88825
62191
79303
31076
24541
50817
27516
25536
25476
5660
99728
88352
40995
61546
82999
32304
68993
63939
52697
46726
47955
79969
94769
12720
51473
54628
38519
91791
96792
27661
4619
90182
82956
17740
70919
19079
68775
33563
45335
23501
57210
68669
41910
68922
67339
44885
69686
28512
70756
13852
38185
50230
7706
15708
13286
4916
74790
58695
46628
57816
1842
86945
41527
81893
79552
6011
58443
33363
12194
25182
2695
840
28338
51898
86079
99024
44415
32170
92595
9169
13730
25347
18528
46297
29020
60829
57265
90235
99650
66238
1819
81471
28404
6732
6576
27197
63841
50972
77268
67182
96412
67940
74160
21037
21837
44692
24173
38564
46475
45956
31710
64241
24939
79353
87101
15527
6547
32801
10097
16835
27165
9789
21556
25205
99345
5043
76774
31070
28923
94651
49176
67601
62863
85479
15491
65187
2288
1702
29604
72852
65665
4635
26163
19717
16957
20986
41677
88442
72832
83614
13848
28646
19336
32660
86451
54666
87287
65519
98047
73344
236
86764
46846
98936
82789
86649
37156
38664
29444
31148
29024
62267
62978
76328
28605
99784
12255
73112
7023
63122
51941
34848
74312
92876
18219
4568
35376
93944
71263
76330
78773
87083
83996
24476
7678
91389
74487
23453
28685
90253
10676
49692
15227
29940
26786
68272
40168
58217
14502
94852
38275
96787
28688
99337
24068
92587
93287
3062
53789
45832
94644
56282
29635
81154
9462
82156
92658
13361
37380
86985
14748
70450
96085
63119
94540
42445
39430
77490
47302
66947
12266
41242
27037
53472
99808
24304
38119
3232
83091
69844
69007
14114
95677
34251
1875
65104
62905
75461
31557
40810
36706
29297
59037
44395
3862
21526
95429
97472
13341
996
77261
65164
32852
53461
70099
32924
71979
58056
83059
11589
32956
94918
72494
93040
26897
28456
21924
8124
88000
59525
28733
84848
75126
3243
81289
41713
49495
99443
32581
97985
52890
68023
71387
86586
53235
78437
99365
40939
71023
39989
77320
85020
96053
47657
66248
2875
48081
8799
78664
74210
39826
21125
23794
69696
34703
93631
65281
31169
78913
45158
19362
89351
7052
12144
84795
10635
7200
74261
98372
64126
81143
89324
14424
29477
26252
93599
91788
16575
83206
68524
3611
51311
37375
16970
1795
57114
27641
15395
45496
51669
32589
2822
30845
74372
68092
36474
72887
70257
89101
33705
75264
81684
32327
81784
79029
8614
97671
53148
37244
48045
28382
96231
62390
71018
90929
43874
72951
49382
97723
97319
58280
28484
3651
48902
61132
83346
11821
78461
41080
18020
99829
39816
36884
87929
36671
69329
87415
53880
69403
39831
904
24788
95493
24133
19847
42873
62701
14574
93624
75590
66787
55993
44460
43501
59145
40160
37234
55303
73981
36010
62538
32839
68353
87631
48269
33480
48001
61435
5057
12753
28464
90449
88156
72806
24937
24768
46325
48690
8510
67556
29626
58647
70394
65309
69185
64846
7206
78060
92704
89339
72731
67301
15497
70333
83824
65130
87999
13912
93128
62425
55651
537
91913
64204
26739
77110
60910
24904
78062
3974
1274
45654
77195
27225
97800
3869
18879
51896
44885
38579
65321
93057
71556
65817
2479
46548
84911
34420
98698
27145
96445
43225
42325
3240
3062
40286
33972
85036
84342
43955
5121
63902
80236
25617
90145
44836
4639
38813
53154
27715
4265
54728
98082
25741
17300
94997
49216
48440
13172
64653
4115
15365
30248
31550
15196
4007
16077
88973
9264
96057
70353
94952
5162
24169
82817
58738
33206
68315
2739
73899
95011
31485
50954
40846
18679
72598
24044
74647
46919
36997
37590
37615
21773
95296
16935
63322
85587
75216
79177
14475
64713
47048
25847
45071
42255
62583
83135
81426
33866
63808
14797
58761
4110
29226
58405
81145
88268
12258
72535
15903
60764
8346
86896
57803
35831
84948
13839
92218
3399
70900
99777
50519
23241
67251
87664
65433
23423
57359
96840
542
17602
37265
90646
35963
14453
14985
68090
39381
51066
39153
61957
53363
9649
65428
28543
56659
4627
39255
50646
68001
25816
7777
91136
24409
11171
58459
76016
27201
17553
76665
31191
14791
46728
45110
96069
39364
74488
620
52828
67342
19362
6996
74864
55297
82308
34202
62934
17190
57075
5778
51982
92311
77021
18618
61492
1602
73685
10311
52892
82622
53967
97178
43949
45338
11096
61677
21085
96522
99974
65778
14999
14037
23989
51939
26010
21930
28962
76956
34627
82658
40994
78528
25717
58103
49667
78237
4007
59650
52554
79274
5253
1488
96820
84362
62853
39394
63842
28525
38370
77225
69415
47590
25210
30981
99607
61727
63020
40664
72883
8088
78425
48054
17568
86039
71180
90206
28415
5056
71815
29477
62178
74846
73868
99789
14906
25143
79115
4687
62367
25341
63780
72589
32985
7121
67102
87849
70613
47991
28916
41911
80478
73287
92815
15688
1486
62379
71969
46108
6430
30904
22664
8081
69731
77274
91568
69674
60611
67121
209
66337
7423
66461
47622
1581
62505
92447
31145
55872
7524
58560
41543
69301
37339
63427
99417
51578
16005
28801
99937
16907
48763
81359
72908
70481
90984
12176
39309
32078
33483
4778
42298
24906
14175
71540
9755
91475
22739
53190
93402
6355
92759
22633
47174
90459
11852
86935
41610
21789
62484
19965
75974
40765
68849
79464
86318
17752
20347
67279
97210
84023
95898
68530
69399
18970
70217
48206
89390
53715
80310
59440
98891
25601
30603
85022
4157
8391
82495
77359
84649
